0.40769516 0.1091061
0.57288676 0.66685759
0.83562502 0.28132031
0.82245423 0.22528741
0.68482172 0.48799512
0.32377539 0.45235885
0.049053427 0.022365027
0.70841147 0.44666164
0.5532692 0.49793563
0.68448265 0.48855945
0.29658051 0.24193896
0.67497007 0.071043458
0.092489958 0.054586927
0.59322579 0.70441255
0.64424452 0.12802723
0.18876811 0.32593833
0.43703259 0.54002676
0.025385461 0.0097296146
0.80236169 0.28436056
0.55698432 0.76464429
0.62433061 0.64960015
0.82350256 0.22097451
0.53286702 0.042841522
0.65949455 0.0036108879
0.93112711 0.095468768
0.16572418 0.037657348
0.048286069 0.068091168
0.59012929 0.043982912
0.30512594 0.52139707
0.4484949 0.059532783
0.69481678 0.43385866
0.66877876 0.44667093
0.32307025 0.49411686
0.64531441 0.01459233
0.28801318 0.35951952
0.13157329 0.19150847
0.55268999 0.44153844
0.69083674 0.22076165
0.94020512 0.054990899
0.72590392 0.25718481
0.071123528 0.061024636
0.42653411 0.1263984
0.57524789 0.12348805
0.057535908 0.082172117
0.33316619 0.50205193
0.44255457 0.75884891
0.052135157 0.0068716561
0.7146324 0.49084162
0.2106597 0.2774252
0.71112329 0.33776454
0.54202428 0.77219144
0.41288071 0.49816149
0.27814762 0.26222983
0.84697563 0.22039824
0.3656865 0.11915166
0.91489119 0.12193108
0.44792416 0.70414191
0.74833613 0.42902201
0.66068719 0.47451072
0.79420616 0.01729945
0.2276313 0.33981859
0.22755746 0.36356108
0.28660756 0.43640888
0.55300843 0.089686806
0.42406744 0.71749445
0.39996672 0.60390632
0.34332496 0.59269887
0.72427587 0.21654811
0.47459004 0.68665535
0.4713308 0.81583189
0.66102127 0.22176655
0.16864647 0.1398631
0.056934284 0.0089511933
0.24277897 0.010601334
0.64490846 0.45057483
0.64115461 0.59615917
0.44404584 0.73242047
0.59469859 0.1572469
0.53639478 0.76656863
0.83774384 0.28091558
0.053036411 0.0093603099
0.66783375 0.46599847
0.17851946 0.10826661
0.10141778 0.17507745
0.57160847 0.55022046
0.386121 0.54889263
0.7010966 0.51041839
0.84923617 0.041229682
0.60262747 0.1095254
0.65796729 0.47360807
0.26134162 0.018725635
0.16532404 0.22529757
0.58711616 0.43413607
0.75850529 0.00043680791
0.13184289 0.11586582
0.49784335 0.43477356
0.3141793 0.53824977
0.46449507 0.71042817
0.43231782 0.49611194
0.5836757 0.70647361
0.43172304 0.71358961
0.56822615 0.65266741
0.58913514 0.14909262
0.53725819 0.028800862
0.057366921 0.094724027
0.41254099 0.68509644
0.35187681 0.56880656
0.53493793 0.059232472
0.42856593 0.66478168
0.25535273 0.41358843
0.78619574 0.0034770782
0.76212266 0.21989592
0.76278954 0.32954514
0.80918771 0.10033902
0.39352719 0.12943622
0.38019335 0.5965444
0.58228124 0.70397289
0.30020684 0.34509012
0.83904786 0.040674928
0.40882949 0.48816779
0.86248527 0.23011918
0.27510608 0.46013108
0.43497117 0.11209036
0.77116637 0.028758073
0.43080267 0.52533027
0.85413268 0.008615855
0.020041569 0.034474792
0.57479553 0.5192811
0.3483818 0.46537176
0.52266201 0.82397161
0.91069383 0.10874815
0.39760985 0.56933942
0.32633619 0.015361101
0.18485054 0.27405884
0.42166248 0.72936214
0.44601664 0.76488167
0.20348083 0.054312582
0.77003243 0.007202538
0.43497117 0.11209036
0.82132504 0.11505901
0.54849064 0.013558276
0.65718018 0.10954583
0.17923582 0.012503552
0.35360012 0.1776402
0.29165128 0.061137706
0.30235604 0.32535463
0.11801392 0.1633883
0.34839716 0.22021812
0.083754461 0.016438947
0.5807017 0.46195509
0.87811465 0.0036900346
0.40205471 0.46728794
0.92135488 0.021197893
0.30247621 0.34207078
0.2806329 0.04059644
0.32949149 0.44891078
0.28695577 0.044019255
0.19648489 0.28079926
0.2114745 0.2544188
0.20053526 0.014060259
0.51256696 0.66305158
0.38546356 0.63009974
0.67217479 0.56712059
0.33158405 0.0038402751
0.43882053 0.002256856
0.54828372 0.48891459
0.20759913 0.28924301
0.62814174 0.5987756
0.27595644 0.028887103
0.6323993 0.1628037
0.8473882 0.0037084277
0.39867465 0.47232443
0.81177837 0.082252463
0.71331278 0.27473691
0.35183677 0.17299823
0.52523493 0.43602665
0.62238623 0.43745714
0.95538723 0.054343905
0.34267 0.26388614
0.67073255 0.2412439
0.29050877 0.0084579077
0.15896611 0.031767556
0.6797425 0.067536019
0.57157334 0.013546576
0.87068542 0.20297471
0.36048944 0.4348864
0.5376666 0.4339116
0.62197536 2.6529867e-05
0.62340041 0.63854631
0.61165091 0.12391477
0.44767626 0.7341683
0.80625646 0.091973948
0.85418206 0.24810325
0.86394254 0.19728352
0.71228533 0.33506877
0.82774692 3.3162334e-06
0.08245451 0.060131133
0.54251959 0.64953312
0.53671109 0.64999746
0.67765491 0.54129562
0.64137707 0.60893749
0.57066939 0.065976303
0.69706488 0.013548888
0.33079847 0.45035102
0.49054521 0.66018625
0.58626082 0.6597915
0.36068826 0.18651075
0.7028913 0.43338937
0.39494538 0.65021973
0.59322579 0.70441255
0.314063 0.0018038328
0.35515995 0.43860762
0.97526004 0.0018306535
0.37972735 0.62674201
0.31572766 0.30327978
0.18440751 0.10848201
0.89207665 0.021105262
0.92471496 0.068979827
0.8715357 0.0033966175
0.63160858 0.44096329
0.87785116 0.0034580995
0.28784013 0.035893447
0.93244433 0.096522327
0.48592272 0.45341599
0.18293019 0.098950194
0.15403113 0.24643496
0.68374148 0.31728192
0.53703042 0.65893237
0.58240296 0.0039183216
0.044446836 0.013970217
0.67048085 0.028761541
0.31592568 0.098910577
0.034014293 0.040730397
0.69173377 0.43683016
0.68919496 0.056136917
0.39017369 0.54192846
0.69760745 0.055958967
0.73363263 0.35045064
0.5401718 0.76814673
0.49084778 0.65967131
0.42505796 0.45014597
0.76424608 0.40766742
0.44638978 0.73171573
0.37018259 0.62383721
0.32165189 0.10910222
0.64274009 0.56336238
0.86749768 0.010206136
0.19252998 0.0034246764
0.53502513 0.0065122477
0.062178324 0.10489368
0.14423663 0.1408171
0.39064925 0.67653125
0.18939717 0.31449379
0.26689308 0.40289688
0.4961338 0.0059824551
0.4791101 0.82038346
0.20170968 0.32653647
0.65159452 0.60239677
0.31383818 0.53640981
0.17827028 0.29818525
0.10673673 0.1127088
0.32779828 0.27118849
0.18980135 0.2733297
0.41573079 0.4967925
0.11445982 0.015228169
0.70579196 0.44688039
0.40989818 0.54165671
0.43450058 0.54220215
0.78453463 0.032683049
0.3727905 0.11208012
0.21307681 0.2596917
0.70409326 0.015183908
0.56906926 0.065366097
0.75721399 0.011118868
0.37925179 0.438104
0.61547476 0.17781439
0.94950556 0.059204693
0.95455176 0.070102504
0.2759731 0.46772722
0.57649852 0.020516131
0.12519403 0.21609756
0.63074702 0.5507358
0.70841147 0.44666164
0.30770834 0.31548359
0.30192535 0.21663542
0.46552492 0.78827326
0.75176011 0.42910179
0.45180785 0.51436961
0.86384226 0.21704093
0.63219199 0.010271515
0.19198431 0.27755095
0.19405077 0.30620637
0.4265982 0.73203054
0.5291355 0.75799873
0.67715009 0.12242677
0.58649568 0.11841514
0.47522995 0.75788641
0.59062132 0.70704885
0.30545965 0.43307217
0.69574018 0.22374796
0.6915727 0.10000799
0.56367761 0.75124861
0.88446346 0.16962134
0.59986688 0.68357447
0.85049133 0.0017191243
0.30377837 0.093090005
0.12268453 0.20316302
0.2743521 0.37899186
0.42844878 0.54127002
0.079260269 0.020411473
0.16736759 0.2310704
0.55662125 0.062615759
0.16642047 0.11217789
0.54049818 0.79503058
0.68581143 0.1033973
0.92439722 0.067795764
0.38201507 0.54812444
0.33866448 0.27153525
0.98566493 0.015286543
0.66832502 0.21989299
0.68482172 0.48799512
0.13146221 0.1727136
0.36045393 0.62341468
0.46656709 0.80789636
0.35997376 0.21710774
0.66297546 0.49535128
0.14687126 0.11713361
0.17284709 0.23839452
0.52571842 0.0088919576
0.16402296 0.010184083
0.2114745 0.2544188
0.52245363 0.82033673
0.90491429 0.13593852
0.77259357 0.008223671
0.58115683 0.67066352
0.64274876 0.16599208
0.32259232 0.070329719
0.5482639 0.078705769
0.64384094 0.23789375
0.23348324 0.025013498
0.2682372 0.46373985
0.33951704 0.14235403
0.21725029 0.27110107
0.33669027 0.24486683
0.79443203 0.017655157
0.31609599 0.0051357573
0.58634121 0.46732772
0.58987125 0.46678071
0.27868346 0.48037472
0.35176524 0.4730003
0.95635304 0.0054027046
0.67301234 0.13220845
0.89988216 0.1089026
0.45157345 0.45376621
0.58119508 0.54565337
0.41473875 0.55506857
0.83755817 0.1188782
0.39730612 0.038533748
0.25891755 0.22684211
0.77414158 0.25795068
0.27121429 0.32522649
0.62951024 0.62687611
0.83780394 0.10835973
0.88735446 0.00095150695
0.58914466 0.69036969
0.6080748 0.66349021
0.48005997 0.65525474
0.52571842 0.0088919576
0.79476471 0.05764269
0.56358878 0.53460934
0.783955 0.37320896
0.80236169 0.28436056
0.59754342 0.13548212
0.34080318 0.058992048
0.71510962 0.24402663
0.66618932 0.0036605327
0.091952263 0.15151878
0.41924159 0.71917041
0.66809714 0.49068955
0.43079732 0.11629374
0.58880632 0.43639568
0.44981655 0.054973393
0.3873926 0.16624255
0.41957919 0.058076538
0.13548061 0.12215855
0.63780465 0.020310729
0.37838992 0.11227383
0.28556176 0.46352502
0.54185422 0.78834817
0.96464794 0.061231119
0.62717755 0.20319327
0.49319939 0.82292789
0.39384014 0.66813933
0.15455834 0.26430608
0.17547771 0.054605033
0.86684881 0.23050815
0.54757917 0.50154516
0.16784538 0.059414623
0.39710348 0.00016704078
0.92105631 0.021395926
0.57094347 0.12195208
0.44601664 0.76488167
0.72126276 0.36620784
0.9528508 0.07784736
0.72383813 0.36708415
0.15981941 0.14940418
0.44264641 0.71162784
0.36351434 0.16916386
0.60280401 0.11674605
0.2922358 0.22105257
0.51483094 0.8333568
0.13658392 0.19578602
0.21451986 0.24751335
0.53125 0.64951905
0.30410942 0.068550475
0.67487802 0.014497251
0.17593841 0.28440328
0.72736209 0.00011233669
0.57184944 0.71442919
0.58187035 0.50575935
0.27824907 0.38365166
0.58537872 0.57941126
0.66887699 0.5041193
0.61838875 0.0067829106
0.42087809 0.55566979
0.71721778 0.48090311
0.5197047 0.0059267029
0.7979194 0.021679379
0.48476377 0.83278444
0.92439722 0.067795764
0.93902845 0.096932563
0.57884887 0.55604117
0.61543997 0.65248955
0.77586955 0.36954372
0.32259232 0.070329719
0.83387101 0.030631366
0.60702837 0.027213807
0.40406375 0.54336038
0.4648345 0.68250253
0.53970321 0.44035998
0.56404384 0.75451284
0.45172744 0.66483042
0.46591201 0.054281859
0.58934457 0.65015713
0.54268936 0.72271833
0.81488625 0.10199799
0.046591475 0.067975872
0.043988382 0.03194275
0.1592677 0.14049701
0.27273848 0.36244215
0.34857784 0.11319762
0.93846618 0.0014867506
0.78739777 0.25964055
0.64687656 0.11727229
0.25877653 0.33979104
0.56557505 0.74863941
0.28179439 0.26730467
0.39915862 0.6768
0.44223833 0.057516913
0.20170968 0.32653647
0.66714648 0.031761052
0.56841584 0.71049103
0.91672824 0.1263876
0.70945099 0.46010263
0.51584855 0.77133362
0.71301166 0.0018979885
0.17623727 0.067707089
0.54998269 0.4915868
0.89290271 0.18321906
0.59012929 0.043982912
0.1672427 0.11195406
0.16072673 0.216989
0.050016004 0.05772265
0.22796278 9.7684003e-05
0.90580247 0.15635769
0.71718351 0.48984895
0.64909147 0.58064711
0.4863561 0.45650897
0.80683932 0.32510192
0.65756263 0.00088553948
0.39323479 0.64975081
0.24048921 0.00032174561
0.68031756 0.0010052348
0.83530199 0.011987733
0.36068826 0.18651075
0.22628073 0.007017337
0.40341966 0.16255096
0.70881133 0.46028791
0.33017422 0.13164816
0.64733209 0.46863917
0.65824989 0.43563067
0.64870324 0.4603942
0.26207152 0.017022792
0.38396863 0.5551019
0.064150536 0.055899456
0.3421386 0.13716651
0.77294084 0.22740194
0.31454881 0.083045756
0.31765897 0.11031018
0.25251923 0.37954944
0.59604444 0.47363754
0.13425664 0.12392591
0.30146851 0.062003362
0.27307595 0.0069650383
0.16034427 0.15223437
0.66088759 0.0054984708
0.20089839 0.32687502
0.3225768 0.0072517249
0.60661873 0.65057894
0.79619302 0.24365406
0.83530199 0.011987733
0.59172616 0.049959924
0.61481924 0.16624212
0.30485038 0.066919279
0.77470891 0.0019030139
0.63430213 0.44232521
0.25758868 0.39194976
0.45172234 0.022722567
0.84433014 0.00015204771
0.41484584 0.68340309
0.33146158 0.12755959
0.6783554 0.30796917
0.43735207 0.52773559
0.48716702 0.66983646
0.58231653 0.14074243
0.44999454 0.067899823
0.58655996 0.68435661
0.64375823 0.16266119
0.59782052 0.1415062
0.54288823 0.46528257
0.15262624 0.15589108
0.77163999 0.3875955
0.38373448 0.014808118
0.41733545 0.061976097
0.36357552 0.62584569
0.10197554 0.13581338
0.55335182 0.014120367
0.44343464 0.74043628
0.78739777 0.25964055
0.1556286 0.13616728
0.59382416 0.69690254
0.58625234 0.49443633
0.41153832 0.65134462
0.089259732 0.054133303
0.7289256 0.43568513
0.43133237 0.056033621
0.34676598 0.22073727
0.48305177 0.78201466
0.47041685 0.46219657
0.46087234 0.79676105
0.16618809 0.27741667
0.31702362 0.49053223
0.58888947 0.70704218
0.52050606 0.4649408
0.4061826 0.58191585
0.20679068 0.33068293
0.10683361 0.014410413
0.91672824 0.1263876
0.46548332 0.75777224
0.60128292 0.47366404
0.27252519 0.010242264
0.13140281 0.17005409
0.18697874 0.31191055
0.83342095 0.13713698
0.20669966 0.24877989
0.59996539 0.1171482
0.075944593 0.023272501
0.52557908 0.65909028
0.24782237 0.42234205
0.58372053 0.54380844
0.14277812 0.017152863
0.60244503 0.12278923
0.080599847 0.13599193
0.6637407 0.14549329
0.48019119 0.81808735
0.66127271 0.27741384
0.35191334 0.47289376
0.33256503 0.2850767
0.60482188 0.11590485
0.4947122 0.43684588
0.49141655 0.76477643
0.87783192 0.21153833
0.65736469 0.46136797
0.30042742 0.51464682
0.86737856 0.01211657
0.83929654 0.044694237
0.47744256 0.66403528
0.1511424 0.04229138
0.51007767 0.82930026
0.38235085 0.54881722
0.89273824 0.18440766
0.19263587 0.32930536
0.37942753 0.5454357
0.64120581 0.12901474
0.80998209 0.21721862
0.59880551 0.65742474
0.5762452 0.51724668
0.35085507 0.13531998
0.27378959 0.25077258
0.54851783 0.72571593
0.08202425 0.12771238
0.94292055 0.098758586
0.5602621 0.65144839
0.5210021 0.014168632
0.47860969 0.4424765
0.40105407 0.036022845
0.096503707 0.13637439
0.32782571 0.56706884
0.25660215 0.22359783
0.86394898 0.12188084
0.40189988 0.6825041
0.40023155 0.54386341
0.31236521 0.29780629
0.65395619 0.15819242
0.31508687 0.21675169
0.80393066 0.013752995
0.79445321 0.07691345
0.64920429 0.54922765
0.33762617 0.25393668
0.3542208 0.57026387
0.2729996 0.37894689
0.76453723 0.33967293
0.40291273 0.46399139
0.52458527 0.011013356
0.83453596 0.13752387
0.81799181 0.31355454
0.44404584 0.73242047
0.34625538 0.11063184
0.2294523 0.24447759
0.81513717 0.31820711
0.33062614 0.50495466
0.39151548 0.55479791
0.34015676 0.00011253966
0.10857915 0.1337265
0.28569522 0.057940627
0.42023988 0.022942759
0.48659198 0.0038110024
0.54020933 0.49395846
0.3632127 0.23596819
0.19300741 0.27274879
0.23710878 0.23130666
0.44645136 0.091609532
0.84852079 0.0013898981
0.84433014 0.00015204771
0.55950231 0.096107892
0.42451149 0.67008484
0.35485832 0.23569382
0.17865671 0.28501171
0.32167468 0.48756603
0.32190599 0.44844871
0.31706454 0.51982804
0.32792505 0.079818289
0.20464912 0.015648555
0.036836943 0.040968698
0.7410561 0.39241828
0.83449787 0.22564155
0.74561286 0.37953236
0.70598371 0.054207602
0.69909158 0.45012755
0.42176841 0.56512982
0.73978933 0.23243336
0.78357553 0.32708765
0.48298683 0.78575434
0.45942844 0.76622973
0.67501251 0.072152878
0.29979042 0.45459363
0.39320727 0.12529276
0.14989521 0.22729682
0.40385999 0.59613509
0.77499135 0.2457934
0.93192113 0.10852046
0.29386136 0.34263837
0.32659368 0.23939662
0.46015778 0.034994473
0.34089189 0.58318979
0.70778763 0.071289952
0.41915308 0.1129594
0.61396863 0.66326317
0.86275684 0.16666417
0.22642336 0.35194343
0.14956061 0.035099908
0.53754551 0.49438916
0.77605957 0.25253328
0.44292766 0.73483847
0.77056134 0.24511512
0.94328001 7.2890286e-05
0.34766231 0.60214551
0.4246103 0.44856949
0.27681498 0.030939168
0.31712832 0.49497566
0.89818316 0.034229695
0.35930128 0.13512512
0.32503055 0.23347728
0.60421627 0.14409138
0.4582202 0.77474152
0.68375093 0.098323409
0.23792155 0.22201046
0.74373539 0.00063441866
0.63581995 0.22084311
0.27121981 0.33365665
0.35045726 0.15065527
0.42264458 0.12179273
0.65358893 0.15667282
0.13608469 0.0069889266
0.6127115 0.19368064
0.61655682 0.11948993
0.68276165 0.3120858
0.64203955 0.020355608
0.032008504 0.0008492461
0.70523865 0.23258892
0.54957039 0.66497019
0.731373 0.23830332
0.38063339 0.5482597
0.70944466 0.016019814
0.57144667 0.43470602
0.83671204 0.010390159
0.53230793 0.78571189
0.59188344 0.65248368
0.33169312 0.21650809
0.1447083 0.14175375
0.37364093 0.64631621
0.30428574 5.6187489e-05
0.70946906 0.50236861
0.37264407 0.20346085
0.27484758 0.33385118
0.33012904 0.21651306
0.43332089 0.53399975
0.27511874 0.47566921
0.5360819 0.68488189
0.9922676 0.01196491
0.75611378 0.38773025
0.53569453 0.0042882158
0.20560802 0.2334921
0.66289673 0.15062939
0.48930484 0.65425095
0.64660076 0.12366459
0.6178327 0.63697067
0.060280942 0.098528348
0.59978371 0.5684349
0.98098486 0.017337435
0.7667419 0.35365152
0.67742916 0.11784691
0.59039936 0.69525129
0.35476962 0.46054639
0.58048121 0.13026958
0.16123093 0.042453024
0.57172465 0.5023727
0.52084919 0.77143912
0.26807953 0.45074943
0.90409772 0.002983399
0.54153887 0.49118344
0.39986154 0.46859279
0.42733442 0.05764165
0.14085673 0.2430592
0.73087994 0.43895369
0.54444473 0.78653379
0.18293019 0.098950194
0.54231665 0.78510477
0.83662934 0.25483218
0.70222909 0.51263404
0.5451025 0.7848378
0.12799325 0.16755007
0.66940563 0.45563643
0.16695986 0.2207632
0.7662908 0.40003196
0.38542043 0.66416136
0.4982364 0.84179694
0.11702677 0.10831671
0.91439066 0.00022138487
0.76105 0.22205761
0.30819062 0.53154686
0.7410561 0.39241828
0.69808424 0.2166543
0.68061722 0.54276756
0.89748157 0.13535173
0.13140281 0.17005409
0.53711401 0.043556409
0.26088252 0.22466754
0.3649052 0.19814948
0.70967034 0.068504795
0.044494097 0.069875665
0.55743963 0.6580848
0.57345722 0.70485477
0.60313202 0.16493347
0.67962907 0.50051605
0.028132236 0.044059025
0.57963385 0.070248505
0.38604606 0.54155717
0.34372938 0.58186469
0.087195019 0.029098756
0.79948987 0.34683683
0.88038416 0.16481455
0.82779078 0.07457193
0.50118663 0.75813586
0.79926622 0.21989357
0.67652545 0.30299868
0.80244049 0.32730171
0.17515253 0.12870953
0.60633598 0.67803689
0.68076671 0.43403405
0.45805683 0.66650716
0.21024637 0.039142173
0.36998948 0.10909905
0.12519403 0.21609756
0.79476471 0.05764269
0.70565288 0.27066765
0.18323674 0.10074756
0.69383018 0.51674329
0.80819823 0.061052045
0.36455478 0.44824954
0.042004192 0.028337263
0.58880632 0.43639568
0.15136053 0.14357379
0.4980669 0.43600393
0.42476574 0.65079885
0.61985126 0.59584186
0.84212822 0.0025808305
0.58372053 0.54380844
0.7728281 0.25561466
0.47010256 0.027495449
0.40769516 0.1091061
0.27187448 0.03649933
0.16122877 0.1160276
0.84413414 0.040767024
0.85705485 0.24420199
0.72882827 0.38787886
0.63355198 0.19706455
0.73499536 0.020412272
0.83470282 0.22781821
0.6023163 0.038284901
0.80819544 0.005966798
0.54851269 0.50956429
0.41686506 0.57636552
0.49042287 0.8256949
0.31508687 0.21675169
0.21670322 0.21650926
0.046591475 0.067975872
0.54243333 0.0057285644
0.6753595 0.11422881
0.35287379 0.23050217
0.23561811 0.3461248
0.66522952 0.14660189
0.67799595 0.12347981
0.16511112 0.22462675
0.88803726 0.12224409
0.28555911 0.32878671
0.72626539 0.36562536
0.59986688 0.68357447
0.18262482 0.31286648
0.91149517 0.055983295
0.7841533 0.042210524
0.63027434 0.63641423
0.69470696 0.31207505
0.77586955 0.36954372
0.2701021 0.33158649
0.64610962 0.17126809
0.21751743 0.25916813
0.85088492 0.2436316
0.090374297 0.032894684
0.85847742 0.24189501
0.4551791 0.70634429
0.21366721 0.028820825
0.54456757 0.50755901
0.67457316 0.50174328
0.70933769 0.2305666
0.22499423 0.22666006
0.26370272 0.39564231
0.35214915 0.57913866
0.099745851 0.00023137684
0.043988382 0.03194275
0.65825053 0.48719237
0.60347821 0.61214948
0.39811459 0.010390829
0.9922676 0.01196491
0.16784538 0.059414623
0.7192436 0.26809912
0.34288393 0.21735551
0.072354148 0.070876874
0.29035549 0.21870682
0.3489327 0.21988929
0.64144666 0.45695126
0.16933094 0.23006458
0.063888964 0.10868974
0.70454625 0.46077994
0.37018076 0.0013521509
0.54035085 0.66399025
0.30396538 0.5222114
0.77066551 0.028162196
0.36029386 0.60986803
0.85843721 0.21778212
0.59296692 0.64959836
0.27253059 0.4601931
0.33530357 0.58030151
0.79648346 0.32479918
0.043644579 0.003899351
0.52141091 0.78832833
0.78751121 0.35249031
0.59609659 0.46391202
0.42312667 0.51636876
0.55335182 0.014120367
0.010144866 0.0094304113
0.62784665 0.43450066
0.72863336 0.46026843
0.15455834 0.26430608
0.73916181 0.44805748
0.63801342 0.59888115
0.61956223 0.11233295
0.66239015 0.22528133
0.82609285 0.22000917
0.55190579 0.44147507
0.85147555 0.1489062
0.83049269 0.13539789
0.83885391 0.045585134
0.55214902 0.48897634
0.3053308 0.08895348
0.66654733 0.00091513318
0.30812749 0.22069535
0.70828842 0.43759401
0.85628779 0.17686958
0.71311288 0.25068036
0.87444698 0.21714082
0.10364066 0.1387027
0.68207868 0.21867401
0.65848766 0.25882592
0.29734929 0.078623448
0.40567113 0.70030981
0.11323722 0.018635334
0.58384157 0.67967454
0.32295425 0.5185002
0.14993646 0.2165642
0.85573571 0.12877494
0.28346744 0.056188089
0.63172995 0.21801293
0.84211262 0.042791853
0.5716277 0.0077223345
0.30146851 0.062003362
0.60821081 0.55615983
0.39253956 0.54380315
0.46509739 0.46632155
0.74554739 0.0038594612
0.51890939 0.77491722
0.21623541 0.056257639
0.97600463 0.007490175
0.42684322 0.73170256
0.12337963 0.165173
0.029256693 0.027079179
0.55337151 0.52184681
0.75996525 0.38250739
0.36671116 0.00075728565
0.16851957 0.00073682895
0.3655233 0.62417161
0.36191907 0.18354207
0.73164955 0.39951399
0.36085866 0.18510907
0.26742445 0.34679636
0.24120032 0.011815169
0.60189401 0.68339292
0.40756122 0.6516811
0.57963385 0.070248505
0.64289334 0.0033866439
0.42894464 0.71823931
0.25118428 0.40595799
0.63226861 0.60284917
0.33271185 0.23342969
0.45096884 0.66646758
0.20024694 0.3417362
0.27336825 0.22968121
0.44252552 0.73241567
0.35419562 0.12179634
0.95352685 0.013670584
0.14335221 0.23206503
0.79648346 0.32479918
0.40486309 0.0017049027
0.52266201 0.82397161
0.77975115 0.048053946
0.14734777 0.16387479
0.1680437 0.14178015
0.55086489 0.087652201
0.57854482 0.56757514
0.40922897 0.69096561
0.3491413 0.47424967
0.54420002 0.022205025
0.30771998 0.32624477
0.67777894 0.54805896
0.57157334 0.013546576
0.47109255 0.80022736
0.70946702 0.054769185
0.22971422 0.38311486
0.52233154 0.46177742
0.46038238 0.7701493
0.57172465 0.5023727
0.58137033 0.12179289
0.59533659 0.59600057
0.55837081 0.0062533745
0.55211914 0.50506657
0.3863699 0.64994385
0.48084575 0.78536439
0.17383116 0.30107276
0.6461179 0.11052628
0.047193674 0.074862764
0.59656744 0.11180377
0.46169551 0.71160758
0.45472417 0.00022467338
0.74167805 0.33916629
0.19280357 0.29781297
0.71897001 0.27014407
0.32088897 0.06496321
0.37336213 0.110897
0.47745886 0.01501171
0.54374896 0.07299866
0.58689745 0.54276007
0.32248553 0.55684619
0.52940341 0.46321807
0.34829059 0.13957939
0.43880307 0.53535423
0.67815669 0.081722023
0.75622929 0.0073800692
0.22097888 0.0037473896
0.30146851 0.062003362
0.53817994 0.76594251
0.25773702 0.38570583
0.17311927 0.069388121
0.90344468 0.045445135
0.46228834 0.70408012
0.72919681 0.22353844
0.46748433 0.75968855
0.38058289 0.11544435
0.27543244 0.0438261
0.7192436 0.26809912
0.38403976 0.65838741
0.25586919 0.42117584
0.56715107 0.65417531
0.38145936 0.54904025
0.55158699 0.06223049
0.18798828 0.10487026
0.39296978 0.56159853
0.80794066 0.30499498
0.83720093 0.0069948709
0.64137707 0.60893749
0.23311364 0.23897985
0.32284389 0.017603778
0.46189904 0.71125755
0.89296236 0.1786073
0.31520388 0.48833389
0.63355198 0.19706455
0.34098126 0.43640327
0.58761432 0.037663818
0.099789656 0.1692
0.5524474 0.65677862
0.50136311 0.00054510857
0.68919496 0.056136917
0.5763529 0.020353641
0.6549199 1.4105031e-05
0.26158194 0.23640472
0.96419361 0.030869429
0.60421627 0.14409138
0.21357806 0.0070512984
0.70480094 0.32669322
0.74619094 0.42470246
0.82902859 0.07962304
0.9322992 0.055884609
0.16174633 0.034453923
0.67497007 0.071043458
0.33511045 0.27744291
0.1228732 0.19125636
0.86666511 0.17500314
0.55153366 0.73442675
0.18546527 0.27383756
0.54131445 0.75785237
0.79531233 0.0021218695
0.10677572 0.13616953
0.22891964 0.030456338
0.82210281 0.010149182
0.3262126 0.44974252
0.62923685 0.43914633
0.6728061 0.12329135
0.27347451 0.039749481
0.57233607 0.089663382
0.20382668 0.079762111
0.2149784 0.26235496
0.29324784 0.05920757
0.17786668 0.28428388
0.67761264 0.0067659566
0.52940341 0.46321807
0.69103866 0.32534188
0.42166248 0.72936214
0.44229965 0.51909861
0.4713308 0.81583189
0.34137101 0.043013899
0.40385999 0.59613509
0.7955945 0.021461497
0.7556933 0.0029759087
0.13608469 0.0069889266
0.77294084 0.22740194
0.58748503 0.46853443
0.95831842 0.00011439165
0.93393298 0.10005399
0.32246187 0.084906047
0.29013004 0.22458106
0.70494909 0.27082836
0.7841533 0.042210524
0.65079757 0.54302429
0.58438938 0.65634817
0.73812214 0.41105785
0.1369159 0.16578622
0.29186026 0.27190422
0.37638801 0.64498653
0.32095459 0.064330285
0.6743604 0.0034029162
0.38494485 0.17092216
0.86202283 0.022240073
0.38395951 0.44751677
0.36808935 0.0015349993
0.5200859 0.81708607
0.28407909 0.040711216
0.69651587 0.48906456
0.43071649 0.096421176
0.37972735 0.62674201
0.58750625 0.46908914
0.50949307 0.0029090627
0.57300273 0.44187396
0.88166742 0.11673546
0.47185595 0.79950363
0.072939168 0.00092702836
0.36681632 0.17522532
0.33053057 0.44901611
0.6322287 0.63698432
0.37641249 0.21383801
0.7937648 0.24890865
0.52740545 0.79128462
0.42856593 0.66478168
0.11876417 0.0089932934
0.40091981 0.43346943
0.87992617 0.0014816757
0.17601248 0.059214203
0.6922621 0.055602185
0.2103199 0.011189832
0.32168453 0.1218328
0.82176871 0.30489987
0.49564473 0.84468411
0.7599258 0.32659635
0.69481678 0.43385866
0.58761432 0.037663818
0.75059332 0.37906793
0.79553959 0.24527313
0.15096267 0.10831771
0.64274175 0.55831806
0.86666511 0.17500314
0.7410484 0.0077173573
0.73096808 0.34411119
0.40769516 0.1091061
0.48209681 0.015434715
0.32438104 0.12689519
0.48224754 0.78822679
0.83524043 0.01438077
0.95936345 0.037319827
0.88003749 0.11675267
0.25365709 0.0033848973
0.57619356 0.023609561
0.37953999 0.43989478
0.3542208 0.57026387
0.25277601 0.42394766
0.89974493 0.17341841
0.65175899 0.54679305
0.90950335 0.14972029
0.09318295 0.13595174
0.080129704 0.028810152
0.38523379 0.17147309
0.68303537 0.095675443
0.66877876 0.44667093
0.59613105 0.46081379
0.67773309 0.30699948
0.72551368 0.33332834
0.32246187 0.084906047
0.83357447 0.056256678
0.2216464 0.32565826
0.8546579 0.22011559
0.61100552 0.18618181
0.53853472 0.65027313
0.14349803 0.22137637
0.20283557 0.3501549
0.9475883 0.084602538
0.89604702 0.017392075
0.46050558 9.5937456e-05
0.6125905 0.18289392
0.7161496 0.46095501
0.90445818 0.15924267
0.14604314 0.12355735
0.29621264 0.50152741
0.65608265 0.59541274
0.7698897 0.34184433
0.15760194 0.24416694
0.23989414 0.33887945
0.3526291 0.4411951
0.16129616 0.03516486
0.34684815 0.041560637
0.30409692 0.054566409
0.74296136 0.226708
0.90287604 0.047805104
0.57687993 0.43410628
0.096634494 0.10912381
0.38134637 0.65195146
0.86873406 0.227345
0.8996396 0.040942235
0.063996623 0.083775034
0.69692929 0.0089869444
0.43071649 0.096421176
0.83287655 0.24378946
0.83619427 0.1153537
0.18240827 0.0019104084
0.58860142 0.057535988
0.4723574 0.0061399972
0.45511493 0.72712216
0.61103348 0.67243425
0.35731343 0.57002342
0.83272119 0.13892965
0.71922333 0.041359944
0.32245753 0.2320552
0.54547696 0.7248843
0.58888947 0.70704218
0.57485537 0.72249517
0.83128392 0.057721354
0.08451379 0.14443878
0.79041512 0.28120476
0.68576785 0.43471101
0.91185112 0.00039073601
0.80948039 0.055502615
0.52202817 0.65692846
0.32440723 0.51785185
0.050770922 0.019459229
0.7882595 0.054195553
0.71137983 0.25717409
0.32981804 0.24052453
0.48147627 0.75927874
0.58089201 0.0011106414
0.54188881 0.46769307
0.83458276 0.0086361095
0.20515077 0.070636714
0.96437915 0.03087569
0.2877913 0.2793587
0.51701059 0.00087361583
0.83272119 0.13892965
0.75394878 0.41274211
0.44642136 0.73854052
0.81764033 0.27778513
0.41694151 0.13539712
0.42909941 0.06090289
0.78730099 0.010236099
0.72516554 0.35275474
0.37675826 0.43576639
0.53718031 0.46694935
0.42998688 0.54156657
0.91446217 0.14561475
0.53748082 0.67928204
0.05900696 0.081694148
0.4213194 0.55485039
0.41179004 0.47637711
0.49690374 0.85250803
0.49007909 0.016328428
0.57074977 0.71549907
0.91494721 0.055104959
0.30156762 0.51864976
0.63166898 0.11001822
0.33391973 0.4415264
0.17424692 0.23068649
0.2487133 0.41957471
0.16095933 0.10958964
0.28383215 0.26387212
0.22689031 0.37942663
0.91773384 0.1280833
0.42076476 0.67427319
0.14010052 0.026048991
0.30144229 0.29792443
0.37797264 0.20808027
0.57899694 0.67320112
0.35324846 0.11789988
0.51019756 0.66355763
0.66627709 0.48969217
0.87764106 0.004513712
0.61165091 0.12391477
0.59347299 0.052699449
0.068028587 0.081460794
0.32353901 0.49082366
0.6024277 0.5801727
0.13404725 0.11503906
0.6549199 1.4105031e-05
0.31890233 0.010155364
0.68917981 0.489928
0.045366483 0.074902539
0.41521604 0.48820316
0.5441103 0.50153442
0.84046704 0.26388901
0.10958662 0.013743082
0.84224132 0.24427973
0.47968172 0.018659913
0.019610205 0.0067931405
0.291817 0.34195001
0.10573725 0.1272094
0.58062138 0.57222425
0.45378061 0.75885325
0.9498198 0.020471117
0.13912454 0.19182583
0.6051004 0.54863988
0.7086688 0.46352922
0.014066118 0.022029513
0.49042287 0.8256949
0.16431185 0.21692988
0.81525646 0.31228517
0.22050377 0.35353746
0.46053465 0.68381068
0.74049542 0.32513121
0.14133879 0.13195261
0.30865089 0.094774418
0.41708507 0.14356244
0.6584914 0.042762441
0.24048921 0.00032174561
0.17715973 0.23440049
0.45173016 0.66989757
0.22910957 0.030473683
0.25929888 0.38124532
0.31407087 0.2993878
0.16550231 0.28166045
0.68439626 0.30306835
0.6451536 0.01450345
0.95471453 0.0027391313
0.22175822 0.26144897
0.14687126 0.11713361
0.38323791 0.17262934
0.59906498 0.040602794
0.53702658 0.49570363
0.87209543 0.10910759
0.73726648 0.40757322
0.70613643 0.50559359
0.080476497 0.11211218
0.69161895 0.086314671
0.4723574 0.0061399972
0.14903276 0.11520345
0.92741754 0.081315036
0.55495329 0.43302635
0.44435806 0.43466535
0.64075332 0.56849524
0.39254837 0.13186863
0.36559058 0.10842084
0.62951024 0.62687611
0.43324042 0.73758048
0.66916689 0.43676615
0.59315908 0.47427434
0.30698956 0.49446178
0.91443874 0.037855204
0.69976714 0.27475383
0.21623541 0.056257639
0.22301916 0.0052763154
0.40775894 0.43514055
0.7841533 0.042210524
0.46166672 0.79181794
0.97133647 0.0018237689
0.67764008 0.12352066
0.42852743 0.122101
0.26207152 0.017022792
0.071389059 0.0085764317
0.2065948 0.3457731
0.45725715 0.01990576
0.54251959 0.64953312
0.10677572 0.13616953
0.33911689 0.041443575
0.5191604 0.019244543
0.7017818 0.28606156
0.9749099 0.010235559
0.065084363 0.098239896
0.5441103 0.50153442
0.35749106 0.61744654
0.47624428 0.82211571
0.29607407 0.35288026
0.67022089 0.55488582
0.78357553 0.32708765
0.67706634 0.43732063
0.22981532 0.22381487
0.6637407 0.14549329
0.87992617 0.0014816757
0.27689651 0.24939811
0.54023983 0.027397411
0.66612296 0.13785368
0.65559656 0.54237699
0.5614366 0.09562818
0.016425352 0.021256761
0.14803704 0.17644013
0.92436166 0.085337582
0.37753622 0.65187666
0.8221599 0.12477231
0.29606737 0.45692436
0.21714297 0.00022474995
0.69548922 0.30962666
0.28742585 0.22333825
0.6354722 0.11692327
0.66288466 0.027385401
0.76212266 0.21989592
0.13788341 0.18360669
0.66735141 0.54692181
0.72934369 0.028992666
0.2683251 0.3402176
0.27064641 0.46447726
0.93374884 0.0051030679
0.733218 0.35351889
0.22107377 0.029184334
0.55053224 0.49259172
0.46236233 0.43368337
0.24626083 0.0060267149
0.88103148 0.11677658
0.28355589 0.25985284
0.64565816 0.13631668
0.28784013 0.035893447
0.041887259 0.035232375
0.85261932 0.11629446
0.69744662 0.34135033
0.23789336 0.3299479
0.6007344 0.67661457
0.45649784 0.032638213
0.45663506 0.0039652772
0.61541668 0.63096719
0.28440511 0.031678563
0.82779078 0.07457193
0.5534168 0.0072052063
0.17100663 0.24145583
0.21981316 5.4600989e-05
0.15932054 0.24878153
0.16231786 0.15088658
0.27715629 0.46690034
0.72850874 0.24685791
0.81515208 0.27099097
0.41710416 0.54612934
0.66657637 0.13540238
0.314063 0.0018038328
0.6227737 0.43494243
0.51140828 0.0069793723
0.38403976 0.65838741
0.6786701 0.22480919
0.44573194 0.77136941
0.34589802 0.1516498
0.84528916 0.24358546
0.64920429 0.54922765
0.42305201 0.13214747
0.17657796 0.014460624
0.37785207 0.43475754
0.72902412 0.23173137
0.8391641 0.25084846
0.66707856 0.55913415
0.91682579 0.10959486
0.028467142 0.0044755966
0.34923267 0.15108297
0.6922621 0.055602185
0.36537991 0.21661885
0.60319028 0.44004637
0.68781411 0.48724583
0.32928208 0.55675662
0.38313718 0.17307532
0.38814263 0.609575
0.41395775 0.57512477
0.54275166 0.060363957
0.38337095 0.17682576
0.89371384 0.18062379
0.63707079 0.56198804
0.55026786 0.054130099
0.8718677 0.00031720933
0.19254386 0.29950513
0.34975604 0.028994502
0.048544275 0.05435175
0.69636912 0.52521653
0.17522863 0.075327635
0.81392333 0.21725033
0.4980669 0.43600393
0.438194 0.75550597
0.59840168 0.57377522
0.17595353 0.127771
0.94471481 0.012279994
0.22464368 0.25377774
0.55932375 0.73535097
0.64173401 0.16338407
0.61945235 0.0068196108
0.4324526 0.53208744
0.51784726 0.43515681
0.54202428 0.77219144
0.36607074 0.19135089
0.35435704 0.2209153
0.63393517 0.23113594
0.44843512 0.059201229
0.72934369 0.028992666
0.86143298 0.19284235
0.58737752 0.0076545453
0.43146627 0.73325625
0.67630966 0.49115993
0.22058771 0.35371066
0.29752417 0.50758075
0.38207733 0.65068376
0.2102163 0.3596643
0.72450842 0.38187507
0.36191907 0.18354207
0.2063928 0.33004595
0.6589028 0.10830606
0.51894847 0.43314993
0.8231267 0.27412172
0.68002401 0.55156679
0.6733498 0.30003569
0.38666757 0.54473141
0.072939168 0.00092702836
0.2725395 0.028404731
0.22097888 0.0037473896
0.080943847 0.11308971
0.60024441 0.13576742
0.14349803 0.22137637
0.65766638 0.26800458
0.19318462 0.30711689
0.83434829 0.0086559716
0.071123528 0.061024636
0.83449787 0.22564155
0.40750725 0.54317544
0.71034524 0.066093181
0.39170702 0.023787817
0.92709796 0.0010043585
0.57345722 0.70485477
0.6589959 0.58978997
0.32381494 0.43653521
0.56766431 0.52774425
0.087809672 0.0030705132
0.45957224 0.75957981
0.7698897 0.34184433
0.24234526 0.39168189
0.65308046 0.031722218
0.63547181 0.22531444
0.67962907 0.50051605
0.096634494 0.10912381
0.70353292 0.2368567
0.5716872 0.082987886
0.22301916 0.0052763154
0.58625389 0.50011629
0.39352719 0.12943622
0.36073014 0.241196
0.59238603 0.48730812
0.16955844 0.020721787
0.32949795 0.29489499
0.71198381 0.49391926
0.26991868 0.24877652
0.66859578 0.45005343
0.66729172 0.10919154
0.365744 0.23007491
0.40809982 0.47371363
0.6609181 0.58640755
0.53304068 0.047574817
0.80819544 0.005966798
0.13159712 0.1915476
0.39284272 0.61105564
0.52137583 0.46319468
0.48196696 0.44910957
0.34957256 0.13849555
0.51285921 0.43745868
0.65781869 0.54361948
0.67409228 0.56431684
0.67243273 0.44661135
0.63849849 0.44676436
0.67128729 0.2444488
0.59188344 0.65248368
0.73160425 0.39265606
0.67507501 0.23514258
0.30534477 0.061444402
0.17778734 0.055880866
0.94292055 0.098758586
0.34600143 0.47572202
0.51009635 0.81892981
0.41389539 0.037285965
0.55191287 0.057774206
0.41915308 0.1129594
0.6771672 0.54889501
0.087289159 0.0077987019
0.41727784 0.14315308
0.46827389 0.054141002
0.45546125 0.45555868
0.92842753 0.014438617
0.69067318 0.32597573
0.66301239 0.21826491
0.60410735 0.46092218
0.54127778 0.48916939
0.44760378 0.50331389
0.67325691 0.28589243
0.58882004 0.49477303
0.36351434 0.16916386
0.50136311 0.00054510857
0.61945235 0.0068196108
0.30898199 0.3164443
0.78644338 0.3334288
0.61344515 0.18971331
0.45185313 0.51425723
0.38512694 0.44157652
0.86896529 0.1110935
0.42936077 0.066422696
0.69687103 0.23004161
0.4582202 0.77474152
0.4900956 0.84205638
0.73362576 2.3307805e-05
0.21695497 0.25732217
0.522567 0.6611712
0.60024413 0.15068754
0.46726527 0.70090128
0.71596633 0.46148512
0.51213607 0.013587938
0.39756129 0.14546644
0.85190408 0.21709688
0.32332094 0.51758727
0.095817137 0.13887
0.46558587 0.48841636
0.1321627 0.19029927
0.75125645 0.21693253
0.32804592 0.020368166
0.1640485 0.25542476
0.24538759 0.38420403
0.40791776 0.54302695
0.40105407 0.036022845
0.17865233 0.23011773
0.29054395 0.35353416
0.16223809 0.029760627
0.23259127 0.35490903
0.36993734 0.44067797
0.14755078 0.03869229
0.38326855 0.55548001
0.60024413 0.15068754
0.63685557 0.59880082
0.81650106 0.10835933
0.18538147 0.097751832
0.80554476 0.054333168
0.36727287 0.19627238
0.58795919 0.47626226
0.45536523 0.65211242
0.35713186 0.46353795
0.24885597 0.40721844
0.44703914 0.0097431923
0.7180524 0.040836881
0.45838482 0.50290447
0.13739764 0.16662008
0.92031555 0.069988946
0.61100552 0.18618181
0.71982721 0.36678889
0.40859662 0.58450384
0.95471453 0.0027391313
0.55307133 0.73328624
0.55959054 0.096417581
0.68049033 0.29770614
0.64383733 0.43835857
0.77412788 0.033847323
0.42515114 0.7074783
0.86786596 0.20010798
0.22012676 0.25756438
0.30698956 0.49446178
0.79512258 0.29093289
0.63767722 0.45489738
0.24752451 0.42331936
0.66141283 0.4876152
0.47371571 0.46346056
0.93633942 0.1099461
0.72793726 0.46050094
0.86383398 0.1679696
0.31407087 0.2993878
0.080849844 0.02797263
0.83774384 0.28091558
0.88766037 0.16746118
0.36392502 0.013562259
0.67823378 0.08288715
0.6524904 0.16846796
0.62473042 0.59561257
0.36415736 0.43734802
0.46744438 0.051273966
0.89421998 0.10852657
0.38034396 0.54881137
0.32679863 0.12909417
0.23800924 0.38443157
0.16449071 0.22887017
0.63197549 0.18945654
0.71573314 0.36662812
0.095783886 0.16544976
0.55205367 0.66347379
0.58435975 0.43482486
0.30325291 0.21698085
0.63212384 0.10825623
0.96234174 0.034356742
0.44252828 0.085851971
0.5911387 0.54507509
0.82687581 0.00088844815
0.91773384 0.1280833
0.55006174 0.08543405
0.96263708 0.063802299
0.45866773 0.46400075
0.3489327 0.21988929
0.33373013 0.28670564
0.78976641 0.054446658
0.75611378 0.38773025
0.6592237 0.031346573
0.45248857 0.77820601
0.80094701 0.34169646
0.34217298 0.11037586
0.6724271 0.23731926
0.30437936 0.064792031
0.8889516 0.0028627979
0.029256693 0.027079179
0.34459748 0.028068459
0.41888932 0.032039627
0.9528508 0.07784736
0.40407391 0.47737633
0.41958205 0.12542423
0.39803369 0.66147488
0.89824173 0.16239959
0.26736683 0.35376871
0.3881725 0.11038461
0.4025245 0.15476887
0.082543555 0.032912039
0.79445321 0.07691345
0.51362649 0.81360362
0.45065895 0.44826897
0.78183881 0.3756243
0.59840168 0.57377522
0.19291146 0.081244886
0.64268744 0.17887477
0.15069863 0.042766977
0.95931391 0.015230182
0.33714446 0.46131211
0.67885714 0.01494277
0.23104661 0.38231781
0.30325291 0.21698085
0.47371571 0.46346056
0.35245152 0.13669605
0.77926712 0.0033838126
0.17100663 0.24145583
0.8889516 0.0028627979
0.67588323 0.059214176
0.14497106 0.24766699
0.77168219 0.39503434
0.81874784 0.2779547
0.51245858 0.014760138
0.80972617 0.0034098054
0.2084416 0.27450233
0.55450596 0.65633828
0.83047209 0.27465362
0.39976875 0.69224795
0.32928208 0.55675662
0.10862514 0.13555054
0.93290106 0.098164016
0.6051004 0.54863988
0.64462943 0.23521809
0.39397539 0.11344111
0.27224705 0.46795053
0.27058563 0.24843516
0.82132504 0.11505901
0.57130607 0.49549256
0.88003749 0.11675267
0.55184234 0.069383571
0.30156762 0.51864976
0.5625 0.4330127
0.20048881 0.27153483
0.91903414 0.13705192
0.56476107 0.70586054
0.1898144 0.31181621
0.39385859 0.017973889
0.41572116 0.0068463502
0.34151487 0.58559424
0.3004631 0.22170142
0.42078429 0.55583843
0.82370224 0.00078147203
0.77207579 0.0022919256
0.21714297 0.00022474995
0.21108254 3.8011928e-05
0.61295196 0.5616051
0.73573192 0.40021597
0.36545959 0.0097523454
0.81024587 0.056138696
0.41573079 0.4967925
0.47933386 0.66501308
0.21426371 0.061050498
0.5750918 0.51758952
0.17623727 0.067707089
0.24465389 0.22560727
0.51514658 0.45749282
0.4961338 0.0059824551
0.72767346 0.027187038
0.5231363 0.75785674
0.16188769 0.22617942
0.35193973 0.10878514
0.3853232 0.66525133
0.9057826 0.00075333936
0.98098486 0.017337435
0.096511514 0.13538929
0.29918213 0.34507357
0.99238217 0.00023062716
0.48112787 0.81704026
0.92534392 0.11407136
0.66935043 0.24413215
0.17547771 0.054605033
0.75847952 0.39017859
0.93846618 0.0014867506
0.47737584 0.037430072
0.92439722 0.067795764
0.68425644 0.005161661
0.67325867 0.50966435
0.28077387 0.37784733
0.86749768 0.010206136
0.56781495 0.51420434
0.6054421 0.57429516
0.60106448 0.11915803
0.8255222 0.056269353
0.6360379 0.43415866
0.92468348 0.068713485
0.63528067 0.55557026
0.54757917 0.50154516
0.61100552 0.18618181
0.39488321 0.027223329
0.34217205 0.2183565
0.06770768 0.056087728
0.58391687 0.66601194
0.6968778 0.088122577
0.020103243 0.0068188888
0.86900611 0.00018646244
0.60220504 0.034723141
0.98526538 0.025479214
0.87805689 0.19386513
0.46447232 0.79213236
0.88963356 0.0016919063
0.24626083 0.0060267149
0.21572263 0.055011979
0.8258795 0.27339653
0.3016487 0.086443274
0.72432653 0.22613979
0.97817652 0.0027013523
0.35122264 0.22352716
0.19955022 0.34337284
0.14587834 0.0018540567
0.44642136 0.73854052
0.30379976 0.4989828
0.27021829 0.43731944
0.73328355 0.40394818
0.44053067 0.48798668
0.40169201 0.68341975
0.59952865 0.43561041
0.35518376 0.60219267
0.77193471 0.0068256291
0.95723109 0.072807377
0.1787774 0.061006657
0.27651821 0.43769286
0.5159587 0.027106073
0.54047192 0.056544856
0.70836998 0.35235493
0.058374083 0.087358198
0.89946752 0.13622167
0.70760802 0.24410158
0.3498152 0.59711722
0.67336115 0.56494816
0.42381111 0.50397048
0.39878643 0.54848115
0.58522209 0.10859184
0.25351653 0.0055073782
0.29110064 0.015286862
0.40169726 0.43389411
0.14803704 0.17644013
0.5796747 0.12908069
0.83357447 0.056256678
0.33222734 0.067952435
0.22196134 0.32479917
0.30283057 0.23173044
0.6926169 0.085736547
0.64193398 0.13641748
0.61655682 0.11948993
0.57212695 0.44841489
0.45479283 0.076118857
0.44586686 0.66356608
0.66561566 0.27285692
0.21577857 0.27488102
0.57634027 0.084163209
0.55699069 2.4421001e-05
0.48954493 0.01777774
0.60514107 0.54647296
0.65825053 0.48719237
0.616609 0.60977215
0.30725603 0.27443919
0.59708572 0.68213448
0.26334696 0.017021191
0.26785595 0.0036212892
0.61099832 0.62462542
0.34500937 0.24569452
0.66594137 0.25287556
0.82654023 0.015861109
0.85843721 0.21778212
0.4800015 0.68399198
0.54251959 0.64953312
0.85456254 0.17724608
0.67123683 0.44753979
0.014066118 0.022029513
0.053368364 0.056354399
0.48209681 0.015434715
0.43155714 0.54976204
0.27494741 0.0423
0.72318927 0.46517496
0.60272109 0.68763154
0.36369352 0.21988934
0.26787034 0.46227188
0.42379808 0.55648971
0.74733507 0.43759215
0.81539031 0.21821219
0.89345702 0.16251238
0.15016397 0.14230953
0.20964376 0.2318097
0.20282614 0.29102063
0.63553017 0.60326192
0.32602477 0.43652982
0.460003 0.50195855
0.32349266 0.068907847
0.38335521 0.17343504
0.49631634 0.0063698035
0.27373855 0.3636689
0.32137005 0.28168119
0.83306148 0.06892684
0.30320141 0.28460339
0.78548019 0.26069937
0.96300281 0.057103365
0.57345722 0.70485477
0.7361787 0.0030699986
0.63819266 0.10825555
0.5375468 0.71448201
0.19906297 0.0051191777
0.28384149 0.35354412
0.30037441 0.51970369
0.6851223 0.21658679
0.42641699 0.70459885
0.30698956 0.49446178
0.35532985 0.5717253
0.3539327 0.55721083
0.26134162 0.018725635
0.40097762 0.54306967
0.63160858 0.44096329
0.44275812 0.49155522
0.51841847 0.020484349
0.72768138 0.36042001
0.8483087 0.1624377
0.79904019 0.28780868
0.35841759 0.023687016
0.39997691 0.040614817
0.62197536 2.6529867e-05
0.88034644 0.19285488
0.85872815 0.16262775
0.72102965 0.38272701
0.83297069 0.12643778
0.76203312 0.21672039
0.525099 0.03765762
0.29960104 0.23175588
0.67761264 0.0067659566
0.49528197 0.85377912
0.92270919 0.055190412
0.60026763 0.0070301296
0.27216937 0.013977853
0.86977753 0.20509587
0.56189617 0.48757046
0.69395126 0.44079648
0.21307681 0.2596917
0.6706855 0.02150695
0.32440723 0.51785185
0.69795946 0.5213219
0.31698279 0.085524881
0.66256783 0.11544271
0.39928613 0.69117298
0.42476574 0.65079885
0.38510915 0.65167242
0.63553017 0.60326192
0.46230515 0.65729745
0.7655535 0.35021068
0.54188881 0.46769307
0.44706855 0.43583825
0.28817013 0.042081605
0.84879444 0.13559153
0.44435806 0.43466535
0.42505796 0.45014597
0.40790214 0.54325352
0.25370773 0.42484555
0.54328192 0.01382898
0.31665582 0.27782333
0.23349633 0.34943279
0.55026786 0.054130099
0.25517888 0.43418949
0.78485483 0.35784043
0.73294694 0.40299024
0.73023695 0.35807461
0.8457843 0.043268829
0.58426154 0.72005866
0.36805302 0.19959581
0.38585532 0.60365153
0.73169971 0.46008291
0.55300843 0.089686806
0.45250686 0.45765134
0.35174042 0.46016899
0.28723558 0.27370213
0.63165865 0.17049513
0.13386975 0.22475235
0.40809982 0.47371363
0.52737155 0.46346328
0.58201033 0.074426592
0.15432545 0.047387209
0.072354148 0.070876874
0.19398029 0.2251793

