245 239
485 458
421 300
279 445
151 432
372 460
830 227
358 510
179 258
194 387
159 84
304 338
910 160
231 423
808 320
324 501
238 157
377 260
49 326
248 53
909 130
832 333
258 384
92 113
85 79
211 51
845 80
631 228
218 222
988 185
557 472
875 126
254 283
485 461
454 453
532 217
133 96
217 215
347 502
951 162
991 214
143 85
135 390
772 348
961 198
993 226
414 273
818 106
732 483
199 26
136 85
135 352
821 130
660 395
809 169
575 165
164 6
410 377
846 150
139 271
14 348
221 195
977 156
378 494
589 252
169 68
775 290
105 367
296 347
629 242
796 328
541 246
207 216
500 310
20 351
497 297
488 455
821 153
872 70
531 245
778 29
531 240
558 186
664 405
111 5
214 18
537 402
121 128
114 1
786 6
875 119
790 284
522 144
509 475
809 366
467 303
139 404
499 305
215 402
856 42
105 31
65 281
242 443
986 139
360 292
892 352
640 456
561 177
487 261
816 170
239 288
397 509
824 354
418 279
305 476
159 377
724 499
753 246
176 435
321 311
199 1
529 224
811 225
801 175
84 3
225 236
279 324
213 292
411 267
729 483
721 210
117 370
727 454
866 160
529 209
243 181
1018 397
121 316
427 295
562 443
194 256
788 277
860 275
414 301
882 143
308 443
527 231
984 138
712 241
75 329
102 13
516 399
917 175
127 369
195 249
553 164
356 458
227 301
973 161
11 340
447 289
820 120
385 416
382 474
957 185
818 108
233 192
980 386
809 348
217 274
867 204
789 4
84 7
133 92
122 313
605 240
99 376
565 180
560 222
410 357
192 356
146 327
505 373
219 439
410 511
220 270
392 363
179 368
651 386
893 123
557 450
800 204
530 387
739 471
467 367
833 134
793 266
117 16
794 42
478 349
145 313
123 327
532 400
915 131
272 371
985 221
308 270
130 261
865 290
767 500
299 418
230 59
360 478
298 482
175 427
865 15
215 404
276 302
206 427
437 279
561 396
851 199
882 99
95 118
86 107
810 368
309 430
356 331
252 492
580 407
624 456
244 252
805 212
641 404
857 285
284 269
428 287
792 211
236 234
308 304
416 273
324 318
867 197
843 294
80 371
215 212
574 395
461 348
835 29
24 327
154 407
973 251
188 446
987 215
636 457
1014 439
237 486
164 128
266 429
114 74
764 503
819 88
981 444
299 452
810 38
237 156
977 418
1011 430
167 385
868 89
157 270
68 332
1017 161
201 274
305 485
390 378
209 295
826 383
846 293
137 84
252 282
889 129
154 416
193 413
315 494
403 319
71 379
989 169
869 333
1003 138
460 361
515 232
373 315
394 418
319 294
789 374
71 31
396 356
257 422
838 220
723 252
240 155
874 167
550 180
93 124
544 177
990 249
859 29
232 424
815 351
307 474
291 470
555 146
27 379
206 7
380 261
297 451
487 287
905 143
620 392
19 374
283 328
663 461
309 288
171 373
977 392
473 301
254 308
867 82
400 486
98 40
23 325
74 336
232 287
492 484
985 236
390 416
873 171
853 39
495 339
784 144
318 288
872 72
22 362
712 200
267 414
382 489
838 220
25 375
922 188
78 3
77 370
163 67
469 354
708 249
596 436
516 179
286 344
972 389
789 153
197 444
155 312
79 9
981 234
827 222
100 10
445 482
778 269
784 362
534 502
577 444
986 190
160 397
242 289
212 266
1007 400
971 140
556 489
86 348
132 330
118 6
569 171
964 197
823 125
637 457
386 291
371 449
573 175
1019 391
96 103
2 376
259 273
810 346
829 307
375 506
253 489
868 204
566 467
426 259
838 79
287 323
369 313
183 9
274 396
246 265
931 176
283 340
817 234
439 509
382 316
212 410
802 138
861 29
300 347
303 330
617 388
310 493
781 88
260 314
206 54
349 504
224 342
990 187
538 246
366 314
760 247
788 359
489 276
860 67
840 266
403 286
417 302
594 401
398 509
989 213
804 95
406 370
875 198
526 392
207 130
122 342
490 297
493 293
370 271
818 233
738 252
225 181
952 180
954 167
221 287
484 266
862 53
998 229
692 466
535 249
241 462
91 348
159 403
77 30
833 17
69 303
254 313
172 440
386 295
147 86
553 155
287 447
265 349
249 57
754 476
393 503
143 84
332 298
903 160
98 366
721 198
299 320
193 299
150 442
38 331
195 324
148 269
558 400
248 263
320 326
607 405
319 508
699 454
181 436
311 315
181 409
1005 145
76 336
555 491
1006 414
402 272
559 386
783 360
569 443
867 323
180 262
770 345
437 501
753 485
875 122
523 156
750 503
257 466
132 303
919 187
141 384
261 425
898 187
584 226
184 271
171 367
260 469
217 401
526 191
648 457
856 278
911 189
571 423
300 338
177 62
81 381
696 450
105 330
816 319
130 412
192 39
297 490
210 301
202 494
636 465
171 359
733 458
814 148
560 429
268 383
355 464
965 145
302 352
367 511
130 325
254 283
822 129
194 299
513 385
816 329
633 392
194 291
301 444
240 269
496 485
275 443
610 463
288 326
769 63
311 267
539 136
415 260
107 48
422 275
872 147
88 7
591 444
494 360
255 422
882 302
791 376
883 177
782 96
984 158
671 475
963 251
624 458
890 267
858 29
256 249
172 395
239 497
292 284
257 399
819 328
645 443
263 470
666 452
510 495
788 209
196 4
282 299
894 131
581 234
966 252
319 423
237 275
487 473
1004 235
313 482
302 323
109 40
672 403
491 292
201 398
517 462
885 276
892 128
508 496
256 255
435 286
991 415
224 401
532 453
322 262
99 376
335 314
745 497
264 264
150 333
792 277
569 432
936 163
296 263
223 340
990 429
348 474
571 489
385 369
837 302
167 82
433 291
609 241
161 381
969 400
77 268
234 136
80 10
436 401
925 162
260 337
975 255
126 47
149 358
269 263
806 243
483 486
406 288
385 293
145 336
209 289
739 193
796 269
243 136
965 194
305 269
411 380
563 242
793 321
223 293
268 271
267 446
774 40
411 300
560 485
246 143
656 455
118 68
270 363
280 307
159 271
121 115
9 384
503 460
629 241
846 146
260 268
827 150
598 441
999 162
390 372
227 230
546 154
242 473
858 62
698 459
120 8
740 472
120 5
117 50
197 441
787 342
3 384
208 7
242 273
261 421
1011 427
121 77
765 506
84 378
812 170
254 458
744 244
711 503
599 416
799 18
527 394
578 422
894 131
314 306
798 205
416 285
840 30
481 337
638 240
707 457
821 41
275 426
28 345
116 313
7 376
890 199
513 385
386 361
785 154
416 285
734 497
625 231
87 13
356 476
81 307
124 358
14 380
353 483
881 114
179 41
889 205
843 320
760 220
153 53
790 156
166 128
841 39
162 434
319 267
789 72
466 290
284 326
306 473
129 278
415 382
966 234
992 434
342 305
266 262
569 428
25 325
767 218
290 490
571 448
305 438
925 183
222 435
831 85
981 235
812 55
306 476
495 503
541 245
124 55
839 52
379 266
453 477
302 314
978 154
86 108
841 62
556 164
336 269
283 341
310 287
673 498
832 19
404 317
801 161
139 48
793 300
173 66
916 151
656 388
540 470
328 289
143 77
775 18
28 371
48 340
299 461
199 31
988 426
369 455
720 228
160 343
872 172
1002 396
105 89
707 241
809 365
892 103
205 417
164 125
118 67
110 362
351 499
302 340
428 287
866 88
794 219
394 353
238 157
951 186
832 99
208 498
814 207
256 456
315 287
203 489
790 357
265 349
992 255
222 42
538 238
442 403
537 234
824 151
493 263
364 259
185 281
239 240
371 463
211 281
468 453
886 287
829 339
531 152
616 450
888 281
849 131
899 153
173 396
884 96
302 314
811 225
244 309
367 264
414 443
722 496
27 331
81 72
533 240
774 264
141 82
790 353
213 54
106 108
901 189
325 272
470 265
313 503
208 301
595 440
221 149
273 262
382 313
557 467
188 106
862 27
491 451
810 346
219 153
790 153
452 463
183 117
168 358
16 374
915 131
83 108
190 3
67 15
452 312
87 317
215 289
146 312
555 135
720 196
248 33
797 220
308 431
221 411
27 378
817 234
191 34
784 142
890 350
859 66
111 8
862 26
287 411
938 169
519 415
753 486
218 346
94 112
804 314
612 400
556 438
349 309
629 456
190 123
818 107
179 266
539 394
532 213
429 311
220 315
774 156
1009 448
506 481
20 371
481 451
150 447
172 87
248 263
186 417
276 307
369 316
577 431
231 438
237 143
468 368
479 454
882 117
74 280
452 384
790 31
879 174
93 66
785 156
302 442
577 445
883 124
122 78
160 431
23 333
34 350
719 255
244 418
409 290
885 258
101 1
517 458
981 158
654 438
513 147
236 296
502 451
424 305
884 330
784 286
621 477
670 467
99 373
272 413
668 440
775 345
180 287
278 321
985 224
108 26
160 408
813 85
708 453
101 371
561 418
597 249
847 149
414 444
536 213
180 44
952 163
829 342
466 469
988 223
185 14
434 292
78 292
346 310
374 294
878 319
245 247
369 311
869 153
779 354
212 43
485 468
867 155
217 292
198 147
363 512
220 277
520 230
358 459
245 258
878 261
370 467
973 416
890 91
556 422
579 409
832 313
779 352
200 438
847 317
113 35
269 416
148 269
785 26
87 276
89 107
711 510
861 23
685 502
851 208
143 383
992 209
796 304
107 358
168 96
760 241
300 346
247 38
866 155
241 441
772 159
254 299
746 198
245 139
595 405
813 176
128 363
597 225
484 323
223 217
198 243
883 264
648 447
23 358
280 405
786 293
278 267
818 315
135 263
227 423
1019 447
268 451
218 315
228 489
514 398
656 427
572 197
151 37
154 88
548 418
529 210
243 249
659 398
94 332
130 379
824 93
531 227
212 320
805 129
760 247
381 341
734 497
220 269
466 293
577 255
874 83
630 477
371 318
330 319
640 235
78 17
840 297
255 263
572 249
4 383
540 450
383 508
77 326
394 294
830 102
300 349
317 311
870 13
467 349
509 274
605 238
288 448
876 125
181 36
805 45
516 169
95 345
487 263
206 247
309 460
128 1
574 166
568 250
424 509
222 42
1002 130
767 479
396 286
812 327
797 307
309 477
342 470
495 338
208 6
510 336
135 430
296 489
797 316
280 340
250 275
961 240
551 495
162 375
365 272
151 424
175 84
100 108
533 475
730 505
630 234
578 229
102 15
293 490
224 404
885 174
563 466
992 171
892 124
194 64
653 425
806 89
107 345
317 445
608 433
775 17
919 133
301 465
845 64
286 401
807 82
314 439
68 343
791 33
244 183
976 179
292 511
90 301
534 254
190 358
548 421
794 152
535 252
191 97
332 314
240 183
396 486
188 367
842 40
793 221
979 439
273 268
886 94
473 274
71 278
473 351
280 264
12 351
824 204
793 375
80 277
874 83
832 146
852 144
830 380
515 159
418 292
178 440
483 260
237 509
265 371
342 467
569 443
87 275
400 406
577 245
239 274
123 44
722 496
625 464
372 318
533 225
643 413
121 327
66 288
393 292
841 268
313 259
979 146
830 17
280 297
83 317
306 461
203 219
443 275
80 266
895 207
977 134
129 391
826 211
85 294
534 154
836 281
232 506
658 461
655 395
90 97
185 125
362 319
817 348
787 298
304 447
376 449
966 243
774 272
666 477
658 463
567 467
968 238
157 42
878 258
166 78
846 73
70 292
442 406
878 168
192 13
946 175
615 464
302 331
945 164
776 3
229 227
561 415
478 350
1012 444
14 327
111 12
707 509
128 360
275 344
639 397
317 327
769 134
970 410
68 18
815 142
72 374
8 371
378 482
280 474
882 183
843 287
199 414
463 466
104 323
205 424
157 318
169 38
397 404
719 255
780 84
219 16
219 23
194 247
529 495
187 38
168 415
447 486
927 192
136 386
126 350
398 484
400 369
843 288
199 398
224 41
525 140
722 255
219 159
228 279
264 423
366 457
709 464
363 340
1017 180
415 422
382 270
854 150
486 463
273 273
367 327
188 396
546 152
926 174
537 252
521 186
878 315
361 307
1015 442
93 1
379 342
415 512
1002 445
173 114
88 315
277 434
870 87
686 499
870 135
373 319
147 269
519 449
490 278
835 205
5 377
854 217
481 301
225 257
995 430
304 270
158 366
78 357
812 349
879 261
884 175
194 51
970 169
878 129
892 264
79 378
600 448
169 401
194 206
966 237
925 160
531 235
110 379
811 119
636 390
163 368
248 483
739 501
465 365
258 383
149 267
665 466
312 478
91 291
508 454
498 333
811 207
120 90
877 332
523 160
706 194
765 254
142 421
812 114
96 353
98 126
517 170
235 154
173 436
302 482
810 348
848 283
190 281
799 62
804 244
982 192
786 310
547 396
645 459
823 225
842 75
983 227
383 500
374 315
557 245
560 192
804 244
666 411
239 191
760 249
664 388
227 301
753 240
578 429
260 384
441 284
483 466
769 281
772 379
181 430
234 137
380 343
142 394
102 67
256 309
542 158
147 51
533 483
644 476
653 453
647 407
971 396
543 132
140 372
562 422
1006 129
430 316
804 113
193 410
263 339
464 296
266 395
791 2
492 261
647 445
571 448
759 512
156 408
102 8
711 457
815 60
204 395
129 282
796 269
632 242
167 409
293 298
821 188
544 397
219 340
108 7
301 509
1008 175
124 126
1011 440
589 446
646 393
573 194
648 386
882 183
313 280
595 414
299 260
233 482
376 331
234 138
317 452
980 420
535 499
365 342
172 269
814 326
316 335
7 329
705 507
308 336
204 309
23 361
736 193
421 308
946 166
154 419
107 89
534 152
371 484
848 47
267 435
907 190
145 343
237 299
145 79
885 315
741 246
309 312
84 305
352 260
469 471
752 231
113 75
890 146
363 330
247 445
571 195
784 358
319 423
165 1
103 373
489 283
876 331
141 279
795 275
259 465
292 283
980 439
836 73
377 474
830 150
854 281
875 267
507 495
155 410
782 347
114 337
113 49
857 207
546 181
990 412
8 329
188 39
179 262
104 356
559 468
438 501
985 411
112 103
6 370
866 202
259 396
273 433
560 149
361 351
705 509
710 505
997 137
848 67
844 80
704 471
171 86
69 302
596 441
867 84
749 234
789 88
247 61
1024 134
715 211
977 210
710 481
293 347
839 62
109 348
203 273
760 218
760 487
266 435
411 286
442 496
498 303
388 407
770 63
316 323
583 233
549 228
80 327
765 506
536 142
246 138
214 16
263 473
531 388
868 292
984 448
572 160
827 1
229 235
442 414
980 144
153 413
887 209
66 352
883 280
677 498
846 64
984 186
172 375
122 74
410 315
293 274
70 18
575 447
975 130
567 250
807 93
274 331
825 313
4 377
312 493
187 69
861 220
237 288
705 510
813 36
777 137
317 462
809 226
213 340
484 450
490 275
220 23
165 39
977 180
770 5
488 339
776 383
811 57
825 43
478 343
420 272
629 456
828 87
769 286
759 223
625 393
816 147
103 346
302 339
66 329
78 285
492 278
457 462
103 42
557 222
246 59
827 19
852 154
306 463
384 481
538 228
730 503
784 334
377 321
224 45
174 69
812 84
439 292
558 483
562 190
987 236
788 383
533 255
967 235
176 370
290 351
445 281
388 260
569 472
220 438
232 144
250 277
429 306
965 225
542 146
136 67
209 346
136 362
459 451
546 421
316 261
874 8
133 327
289 350
894 112
158 429
547 135
621 395
320 505
789 328
430 506
891 112
237 191
153 384
861 4
801 176
300 452
121 78
413 266
562 153
586 448
874 311
233 272
856 276
831 317
37 321
1020 444
179 434
408 382
672 465
184 76
790 87
412 376
196 447
658 414
994 238
469 299
762 242
241 297
114 384
509 487
278 264
82 384
167 47
408 284
788 59
655 417
544 237
13 321
855 133
387 290
154 420
297 464
827 17
756 505
416 275
266 473
997 163
873 200
786 297
980 424
255 55
179 433
530 506
497 304
963 155
775 266
71 14
300 444
560 437
526 450
489 482
873 4
898 188
316 457
810 94
276 329
98 13
769 86
669 452
269 398
552 247
151 261
222 305
303 440
21 328
281 339
815 367
865 88
844 31
484 302
211 10
649 407
256 421
831 177
486 302
817 326
847 210
333 285
570 175
238 178
253 313
226 417
776 156
811 169
414 301
536 148
413 381
182 33
191 68
567 478
862 276
487 293
191 427
476 456
820 348
331 287
792 262
444 291
499 303
456 312
531 474
402 375
364 348
699 493
772 286
273 324
783 328
600 437
532 502
900 135
785 61
163 437
497 272
397 498
781 63
397 362
909 162
823 145
414 272
788 363
146 87
906 141
848 45
238 178
396 364
160 94
594 229
757 497
889 134
211 44
233 156
72 348
357 321
759 223
405 286
820 317
129 84
854 194
529 192
564 510
219 28
530 410
188 108
508 479
561 505
259 287
812 314
858 285
146 264
893 352
73 327
155 270
181 27
482 347
451 346
238 192
272 328
641 390
244 294
778 20
555 424
474 346
184 258
798 286
100 16
566 447
793 217
998 233
643 450
532 412
984 145
322 261
884 324
809 95
124 55
148 90
885 167
818 45
821 42
87 110
845 299
209 247
396 294
280 331
376 481
2 379
670 429
806 85
273 326
235 190
481 504
237 248
707 487
575 196
322 271
151 74
525 416
525 167
306 471
488 283
614 245
305 469
849 131
975 218
974 138
463 469
232 54
728 507
435 413
194 438
886 348
68 5
96 98
796 331
307 302
86 316
712 459
239 301
365 336
150 53
316 321
885 267
214 33
775 68
73 14
838 284
250 54
123 38
24 374
324 291
177 74
330 282
301 329
473 275
894 144
392 496
806 94
501 321
1011 397
469 450
553 148
451 275
100 374
855 156
500 294
188 34
272 287
241 292
226 142
526 172
535 148
208 305
355 331
134 285
214 34
876 126
74 382
387 512
313 316
312 431
733 463
744 500
122 381
629 467
197 435
793 366
781 370
217 270
405 384
477 269
244 258
880 116
812 149
769 285
244 258
756 498
302 269
134 432
243 34
146 448
553 190
291 474
644 463
539 385
989 137
575 484
172 90
184 388
867 168
241 303
670 391
782 17
638 235
849 290
823 344
897 169
836 204
313 257
835 51
517 407
609 241
596 402
637 235
667 442
491 291
984 187
808 150
181 272
889 264
206 421
161 361
996 399
320 300
42 323
301 278
626 462
618 459
861 281
121 308
559 221
408 500
986 393
511 309
332 509
85 278
231 254
240 304
104 80
855 60
206 499
873 102
130 303
193 321
248 234
127 46
129 88
438 505
803 153
1006 192
396 371
240 422
109 361
161 414
320 494
843 73
773 158
300 349
1015 141
540 236
419 313
260 375
20 377
516 149
201 436
223 55
821 348
525 178
1005 131
722 255
486 309
443 292
361 320
249 283
986 409
972 176
350 310
231 154
16 327
933 168
501 368
561 158
5 329
192 9
535 253
402 374
481 268
849 203
565 255
227 446
471 303
204 133
161 434
219 210
201 435
699 485
316 333
340 469
144 352
777 335
964 197
181 121
308 335
286 424
544 240
430 277
23 357
269 363
804 214
268 360
97 92
851 218
648 407
990 396
814 252
904 185
955 191
215 403
209 318
535 213
796 44
557 239
910 168
828 118
422 293
385 353
236 144
542 255
497 273
355 474
159 393
147 446
405 313
367 485
536 455
178 32
382 491
284 330
141 261
216 410
225 495
151 90
357 492
809 170
961 133
471 285
883 280
344 261
272 371
106 123
881 304
842 72
260 466
111 371
448 274
369 330
934 172
556 423
843 319
351 262
199 130
911 137
236 178
436 412
785 16
102 86
856 278
544 489
145 418
193 246
653 456
663 403
233 191
383 324
890 99
193 50
470 270
790 154
142 259
416 305
238 482
822 95
502 467
815 113
348 318
839 41
777 333
874 139
231 143
292 418
209 151
145 37
191 14
509 279
540 495
515 189
206 424
86 110
102 27
496 260
827 31
77 13
113 369
138 36
97 366
832 36
615 480
250 494
227 488
874 270
976 235
824 154
1002 395
414 443
552 461
263 271
561 465
187 38
912 131
977 441
632 473
457 479
251 440
712 200
202 242
245 485
396 486
1002 397
240 489
796 352
775 26
359 485
630 241
538 153
883 174
224 301
573 487
550 225
910 149
130 322
395 511
484 327
549 139
812 243
889 90
259 439
400 360
413 419
145 340
113 88
927 158
362 326
988 223
353 457
366 306
835 24
971 252
502 331
203 230
783 61
966 242
70 296
518 198
81 296
801 173
986 149
806 243
206 398
616 477
866 303
964 226
215 282
352 263
541 186
863 207
274 437
241 292
286 474
194 206
817 360
171 439
799 289
89 72
12 347
916 175
829 230
200 414
526 204
844 151
234 492
423 274
539 502
871 205
788 313
577 417
989 156
915 131
355 460
215 285
188 107
97 370
1001 166
769 335
110 36
519 154
287 401
351 465
163 87
267 442
1016 254
813 39
372 329
201 209
857 272
813 175
316 484
443 495
844 308
213 223
876 155
126 374
222 278
1002 414
116 374
566 498
336 272
163 399
147 262
252 132
989 432
282 322
457 470
765 213
196 62
889 118
212 320
213 283
253 284
573 193
212 283
242 289
122 39
67 300
69 292
317 455
481 349
785 38
140 46
151 73
250 136
868 199
197 292
999 161
399 371
540 152
392 485
895 159
164 262
150 427
272 448
382 324
332 270
352 475
793 39
872 148
384 335
897 131
231 440
209 252
497 323
262 342
190 358
993 169
125 310
210 34
1016 427
640 450
499 364
797 55
229 484
645 459
305 264
75 272
379 270
900 191
238 427
777 295
251 274
978 212
248 246
637 455
1003 175
315 452
818 224
191 405
163 101
246 245
473 351
76 338
319 327
882 96
813 158
272 373
285 447
534 238
669 444
559 438
820 201
67 303
236 432
873 155
522 395
81 13
872 93
481 468
179 37
68 336
209 413
208 213
659 476
221 27
134 41
90 101
578 420
741 194
318 454
1017 132
808 317
877 172
812 144
217 410
732 485
221 300
1009 141
133 325
271 337
465 349
748 225
37 333
250 135
809 59
73 330
1016 428
857 15
234 427
630 237
838 46
775 289
859 65
873 165
841 213
886 142
493 289
122 362
65 379
268 476
481 304
777 377
107 337
1014 180
312 437
142 383
377 266
916 172
155 416
979 156
778 22
521 400
846 223
667 417
795 355
132 88
539 501
277 398
342 453
817 201
656 404
555 496
974 159
567 445
272 264
490 292
254 279
829 365
866 119
716 495
364 307
560 385
374 345
21 337
745 203
233 240
71 380
359 471
520 170
485 335
807 64
28 383
835 309
380 333
437 294
704 485
307 335
9 384
735 461
316 438
907 158
237 157
352 480
779 338
836 194
365 342
533 219
239 490
830 230
857 19
393 280
239 183
802 303
261 410
651 424
560 471
791 375
447 406
449 366
186 354
489 296
500 308
479 342
664 421
185 415
735 483
330 314
327 503
487 475
86 110
798 205
813 60
876 260
779 54
416 299
838 309
261 347
492 467
205 414
259 313
795 207
1003 186
814 245
180 46
263 271
780 30
267 434
186 119
212 347
130 392
873 165
23 352
794 321
263 344
506 472
198 222
845 21
557 433
114 384
413 311
776 334
293 481
180 15
765 506
369 466
243 258
588 227
263 326
1021 419
344 270
858 206
242 250
242 481
249 190
352 263
810 118
103 103
893 184
394 504
757 497
696 481
139 271
706 464
120 61
380 298
317 431
300 494
664 387
234 419
752 252
219 291
841 24
406 380
193 274
177 76
458 308
778 56
827 316
270 384
963 433
361 327
212 52
257 370
360 483
856 211
815 38
118 381
223 273
845 45
356 289
296 264
613 470
955 185
303 342
316 261
531 410
111 10
769 279
425 286
619 449
601 232
741 509
290 486
771 57
241 284
276 343
453 371
61 325
982 391
501 458
735 483
244 470
142 356
144 359
350 463
491 302
561 480
853 140
1003 138
732 244
190 127
183 413
696 482
146 444
172 4
543 388
127 49
276 447
1004 130
454 469
804 339
95 381
129 363
769 152
472 346
110 382
469 281
843 310
786 9
460 477
203 251
807 155
70 302
113 336
499 330
295 299
214 224
745 197
3 382
537 405
213 294
976 444
380 510
784 371
132 84
508 268
221 349
744 497
223 222
394 280
865 272
403 271
542 504
825 103
266 455
559 389
559 452
536 480
565 148
324 308
745 195
633 452
268 258
194 495
253 55
273 390
869 116
693 488
885 301
770 284
585 256
280 262
157 42
224 421
794 36
826 98
541 389
830 320
490 290
845 10
1008 235
883 163
570 436
906 147
132 87
43 336
900 135
983 215
879 159
569 430
123 63
852 129
67 299
807 113
321 315
486 287
248 435
414 375
302 428
494 368
110 322
4 336
454 456
883 266
361 488
16 322
256 133
445 281
443 277
587 429
142 275
462 362
708 508
981 448
393 371
728 509
706 449
534 465
791 319
844 13
832 35
909 158
134 77
809 141
81 71
1003 231
490 486
968 190
635 465
390 420
786 90
93 80
843 309
193 311
1014 435
409 274
979 426
796 288
509 271
276 268
796 65
170 392
284 328
528 152
198 491
575 447
380 265
894 202
792 153
166 408
808 217
247 461
592 442
238 177
618 253
184 48
536 142
803 148
847 24
885 268
71 10
87 380
409 316
848 294
790 318
362 498
368 332
221 299
299 323
197 210
135 429
144 363
82 383
361 487
292 486
123 339
523 159
577 403
99 122
797 65
285 441
811 226
134 371
213 150
626 462
598 435
142 275
85 105
845 149
738 503
198 13
223 265
123 361
880 329
721 495
517 183
669 415
558 486
645 399
1005 191
658 397
192 372
530 144
192 35
212 11
109 76
787 293
367 459
894 156
292 423
132 415
164 359
841 267
142 76
819 346
209 223
708 457
883 351
521 390
279 469
158 313
257 376
34 334
319 509
909 160
877 316
449 464
832 307
81 306
398 412
562 508
219 311
204 416
793 208
168 127
293 423
222 252
265 268
145 61
796 59
975 129
836 133
779 58
851 37
603 411
823 193
211 349
395 287
988 161
896 108
669 401
789 381
136 73
780 60
863 276
236 442
202 209
912 191
500 273
495 261
977 427
209 349
551 145
155 267
279 387
294 496
504 316
119 9
992 404
561 478
868 292
693 481
659 453
839 277
552 423
799 288
618 480
569 408
685 500
1001 164
248 63
207 218
369 314
334 497
370 302
195 252
927 157
253 285
118 14
146 263
165 3
112 89
247 56
305 456
498 329
1001 144
268 321
868 208
465 289
557 187
219 201
656 394
222 410
136 374
215 296
216 194
538 184
868 5
409 434
989 139
770 64
852 208
900 191
895 184
848 16
381 477
170 393
535 256
498 379
830 323
530 385
125 10
20 344
183 279
779 88
882 177
785 211
848 14
829 47
476 302
81 2
139 347
596 441
202 308
281 340
576 150
966 411
508 492
314 288
449 319
755 493
666 387
410 267
977 133
579 428
87 351
851 294
197 224
95 117
267 345
200 1
962 150
804 157
573 491
127 61
876 117
889 105
228 157
239 443
519 197
558 490
178 403
145 87
746 239
468 355
199 143
581 241
385 286
818 178
631 244
178 121
444 406
52 327
832 328
849 224
694 486
222 149
103 361
399 266
631 461
94 66
535 398
276 305
646 445
178 434
876 121
886 167
162 65
1002 436
212 53
84 319
811 244
152 66
141 382
871 118
226 511
382 297
266 456
602 236
268 468
251 313
1004 134
316 345
148 428
367 343
525 450
981 231

