0 0.37449815
1 0.88167701
2 1.1099329
3 1.1563672
4 1.0508665
5 0.87813679
6 1.1571304
7 1.1919405
8 1.4076378
9 1.4483789
10 1.3846577
11 1.3306133
12 1.5614206
13 1.7174408
14 1.6013205
15 1.3135734
16 1.1406043
17 1.2053193
18 1.0918187
19 0.94602495
20 0.62889868
21 0.81689744
22 0.50775458
23 0.87947489
24 0.23653889
25 0.52046491
26 0.48643123
27 0.5427493
28 0.71128252
29 -0.11860914
30 -0.28284219
31 -0.52146574
32 -0.59885964
33 -0.35191308
34 -0.40211139
35 -0.57590183
36 -0.48074665
37 -0.59903568
38 -0.52428397
39 -0.57185974
40 -0.38152561
41 -0.15662441
42 -0.36090585
43 0.32098515
44 -0.44426242
45 0.30703193
46 -0.25835274
47 -0.76535877
48 -0.45409429
49 -0.29429005
50 -0.21844991
51 -0.40262982
52 -0.023661319
53 -0.44603117
54 -0.75267589
55 -0.72250283
56 -0.82173673
57 -0.88818928
58 -1.1308442
59 -1.152879
60 -0.73632343
61 -0.7367731
62 -0.63276364
63 -0.20613994
64 -0.17763527
65 -0.37155857
66 -0.42221479
67 -0.43001624
68 -0.29065276
69 -0.11433065
70 -0.33964844
71 -0.34737457
72 -0.14340895
73 0.39316835
74 0.52046185
75 0.35326794
76 0.24981971
77 0.18510012
78 -0.13343578
79 -0.18506698
80 -0.13158806
81 -0.19858784
82 0.14611458
83 -0.034879371
84 -0.0041640239
85 0.027834703
86 -0.0098147128
87 0.019367015
88 -0.31014491
89 -0.76668038
90 -0.64631102
91 -0.69041633
92 -0.018341699
93 -0.087235467
94 -0.47760665
95 0.11596101
96 0.52729505
97 0.49380716
98 0.42672886
99 0.37480302
100 0.010501973
101 0.086450196
102 -0.078825341
103 0.28909708
104 0.28273062
105 0.46867294
106 -0.079895211
107 0.03875902
108 0.075611829
109 0.27149415
110 0.49661951
111 0.616179
112 0.73764363
113 0.16882898
114 -0.17323314
115 -0.39834438
116 -0.34632383
117 -0.35327027
118 -0.33174911
119 -0.37262668
120 -0.099148533
121 -0.27598018
122 -0.36181896
123 -0.2439473
124 -0.26330147
125 -0.13932324
126 0.72383704
127 0.30908572
128 0.45229994
129 0.62598599
130 0.48302944
131 0.49380537
132 0.57042179
133 0.015637018
134 -0.064006929
135 -0.020813486
136 -0.01243012
137 -0.051617868
138 0.15415207
139 -0.20515944
140 -0.088098449
141 0.20051213
142 0.06956014
143 0.11895675
144 -0.25970838
145 0.14212943
146 0.18597853
147 0.14309365
148 0.31452925
149 0.23642376
150 0.42910189
151 0.18373814
152 0.44210015
153 0.33436964
154 0.24655385
155 -0.023088497
156 -0.27018066
157 -0.22253044
158 -0.0021996944
159 0.33277166
160 0.21533113
161 -0.22354473
162 -0.21339464
163 0.038959076
164 0.43065989
165 0.2633191
166 0.36002639
167 0.2870018
168 0.23922438
169 0.12617566
170 0.32941702
171 0.35580235
172 0.45682136
173 0.53283489
174 0.33483047
175 -0.18879065
176 -0.27583288
177 -0.23924616
178 -0.30505045
179 -0.25989075
180 -0.56015519
181 -0.53305855
182 -0.55243519
183 -0.22542534
184 -0.01322043
185 -0.1436109
186 0.066617171
187 0.037169883
188 -0.027474894
189 0.1037071
190 0.35953068
191 0.49576292
192 0.44485652
193 0.46272795
194 0.53132908
195 0.3895708
196 0.1857562
197 0.28794589
198 0.20397553
199 -0.11852286
200 -0.15975163
201 -0.45798808
202 -0.69857998
203 -0.75540032
204 -0.38477484
205 -0.67190418
206 -0.9455328
207 -0.89055125
208 -0.89622613
209 -0.93452133
210 -0.66603825
211 -0.61913224
212 -0.79817904
213 -0.75511358
214 -0.12275491
215 -0.28300715
216 -0.64078016
217 -0.77044462
218 -0.63660939
219 -0.62908001
220 -0.54374089
221 -0.07589593
222 0.021748741
223 0.37617619
224 -0.58213122
225 -0.84380809
226 -0.18559306
227 -0.010772673
228 -0.28165571
229 -0.2931611
230 -0.081772237
231 0.031066732
232 0.049197277
233 -0.27395934
234 -0.30317233
235 -0.47826582
236 -0.4135354
237 -0.29497592
238 -0.15455301
239 0.22709206
240 0.1646765
241 0.34034651
242 0.17436965
243 0.17079707
244 0.40051096
245 0.19315786
246 0.27350181
247 0.2058565
248 -0.11262497
249 -0.17211056
250 -0.46920044
251 -0.27363762
252 0.0134121
253 0.1025197
254 0.21040085
255 0.11805214
256 -0.018103315
257 -0.42479275
258 -0.42448092
259 -0.065873845
260 0.24952444
261 0.45270843
262 0.47547746
263 0.34887372
264 0.16489521
265 0.3245758
266 0.60186829
267 0.28127059
268 0.26790336
269 0.69482168
270 0.25633176
271 0.14521146
272 0.40765562
273 0.42441262
274 0.48435828
275 0.39638832
276 0.34819665
277 0.061749184
278 -0.024686379
279 -0.20482419
280 -0.11325934
281 0.38223928
282 0.077038895
283 0.13024612
284 0.55334622
285 -0.00090070116
286 0.13424756
287 0.26721676
288 0.28600056
289 0.36077905
290 0.42095715
291 0.16373885
292 0.31261394
293 0.10143283
294 0.49481163
295 0.28445703
296 -0.15153894
297 0.22152178
298 0.21521936
299 -0.050259309
300 0.18092835
301 -0.1455351
302 -0.1377481
303 -0.11424697
304 0.085218187
305 -0.16165657
306 -0.091281255
307 -0.027306025
308 -0.23753829
309 0.018578811
310 -0.42344735
311 -0.57967005
312 -0.26556826
313 0.11463161
314 -0.20029048
315 0.19999134
316 0.094815601
317 0.075671531
318 0.087624938
319 0.014639347
320 0.53786218
321 0.68061029
322 0.69511323
323 0.53968482
324 0.054388868
325 0.17599102
326 0.017087445
327 -0.22839645
328 -0.20263649
329 0.18720006
330 0.010133346
331 0.59034552
332 0.43382558
333 0.2791372
334 0.019418696
335 0.20659046
336 1.0655381
337 0.96352188
338 0.63881171
339 0.95878447
340 0.89729784
341 0.93328942
342 1.1512039
343 1.159864
344 1.2134089
345 0.72147189
346 0.95783789
347 1.1329804
348 1.1155481
349 0.98629765
350 0.92049525
351 1.1040723
352 0.66531295
353 0.87103944
354 0.96461393
355 1.1030836
356 0.95542884
357 1.3437312
358 1.1481825
359 1.4728575
360 1.5229045
361 1.1344324
362 1.0977154
363 0.72257657
364 0.18977931
365 0.32761719
366 0.13167774
367 0.67604967
368 0.57824558
369 0.5325778
370 0.37830717
371 0.40748783
372 0.691867
373 0.39330222
374 0.45120498
375 0.61247949
376 0.78763798
377 0.53581369
378 0.88181833
379 1.0774735
380 0.69077764
381 0.58313274
382 0.63105881
383 0.6583731
384 0.10589642
385 0.63223972
386 0.54273477
387 0.16988694
388 0.22859331
389 0.51127159
390 0.36960604
391 0.37745728
392 0.059163993
393 0.42782114
394 0.67335601
395 0.99360732
396 1.0546727
397 0.75233168
398 0.43712933
399 0.73101882
400 0.81430252
401 0.58105489
402 0.74595907
403 1.0201723
404 0.96497982
405 1.0668568
406 1.3256985
407 1.0755196
408 0.66785547
409 0.22556675
410 0.70166559
411 0.51057142
412 0.33366602
413 0.29325277
414 0.5986952
415 0.73776433
416 0.62981052
417 0.58792569
418 0.47748974
419 0.77073711
420 0.94098894
421 1.2986218
422 1.7358043
423 1.7051462
424 1.3833799
425 1.2480229
426 1.2470828
427 0.85853644
428 0.76579067
429 0.78764214
430 1.016612
431 1.1439245
432 1.1897464
433 1.1503098
434 1.4757735
435 1.4535558
436 1.2739584
437 1.2214743
438 0.81873674
439 0.68700526
440 0.56898378
441 0.56411074
442 0.69582594
443 0.57811168
444 0.39779648
445 0.49183504
446 0.70219751
447 0.51777555
448 0.6815859
449 0.55639635
450 0.73500693
451 0.5518936
452 0.43322719
453 0.65036962
454 0.95527988
455 0.49510366
456 0.18383617
457 0.51373308
458 0.86701011
459 0.87894918
460 1.1461169
461 1.3065914
462 1.3752288
463 1.4109317
464 1.3639255
465 1.0978867
466 1.4542341
467 1.4500107
468 1.4430591
469 1.5769125
470 1.0902244
471 0.89782133
472 1.5113016
473 1.2854077
474 1.7438102
475 1.4942806
476 1.5015097
477 1.4825673
478 1.5817495
479 1.3524807
480 1.4139121
481 1.4510562
482 2.5877609
483 2.5634365
484 2.2695604
485 2.110432
486 1.8094102
487 1.8130361
488 1.9196161
489 1.843017
490 2.0115093
491 1.7900574
492 0.90314067
493 1.0915778
494 1.0197025
495 1.1151256
496 1.3958825
497 1.5751218
498 1.4328461
499 1.681879
500 1.4145574
501 1.4673564
502 1.4214522
503 1.506024
504 1.1608057
505 1.3153558
506 1.4828805
507 1.568193
508 1.6239825
509 1.2736618
510 1.7970721
511 1.5606214
512 1.3366396
513 0.92895621
514 0.87422214
515 0.97350671
516 0.48421647
517 0.80312596
518 0.8691441
519 0.83871663
520 0.70513868
521 1.0658188
522 1.2377656
523 1.0421229
524 0.92458091
525 0.94647269
526 1.1523361
527 1.2087722
528 1.0502303
529 1.4831976
530 1.2373845
531 1.2832798
532 0.96683895
533 0.83379049
534 0.85010354
535 1.2489117
536 1.2785312
537 0.99491667
538 1.0881052
539 0.91025681
540 0.89417328
541 0.62778366
542 0.97513166
543 1.0552785
544 0.70847359
545 0.50070378
546 0.72587382
547 0.86398018
548 0.82892714
549 0.76676013
550 0.84504346
551 0.90775167
552 0.48167743
553 0.54058421
554 0.731997
555 0.77367411
556 0.877012
557 0.7739268
558 1.0479006
559 0.74723865
560 0.58074172
561 0.78811359
562 0.51649985
563 0.54266738
564 0.53537875
565 0.79651096
566 0.69729673
567 1.3800387
568 1.3837879
569 1.1885877
570 1.0838039
571 0.65948977
572 0.67899387
573 0.80348217
574 0.80170504
575 0.53051702
576 0.4871296
577 -0.063845995
578 0.28976895
579 0.56839114
580 0.63969725
581 0.79224108
582 0.56854944
583 0.41995445
584 0.75521224
585 0.38213257
586 0.35346408
587 0.46212018
588 0.74155578
589 0.58556699
590 0.68423813
591 0.99040608
592 0.48046538
593 0.38722904
594 0.030989242
595 -0.2264727
596 0.17182611
597 -0.22964368
598 0.15662451
599 -0.1224655
600 -0.24279562
601 -0.23051765
602 -0.28392804
603 -0.34957915
604 -0.47244408
605 -0.1366956
606 -0.34498152
607 -0.34415198
608 -0.24785397
609 -0.43333501
610 0.073808472
611 -0.29335238
612 -0.11313883
613 -0.68676858
614 -0.92580564
615 -0.68544499
616 -0.27511075
617 -0.30440091
618 -0.21724587
619 -0.20176174
620 -0.41357855
621 -0.054043958
622 -0.45802991
623 -0.03160292
624 -0.1745481
625 -0.50251283
626 -0.37973366
627 -0.77060874
628 -0.77643168
629 -1.1786027
630 -0.82551322
631 -1.0736815
632 -0.66694677
633 -0.98768675
634 -0.30339748
635 -0.33065548
636 -0.61611981
637 -0.83921526
638 -0.83628985
639 -0.74131397
640 -0.87245673
641 -0.54648906
642 -0.67456733
643 -0.8305909
644 -0.5618265
645 -0.40270998
646 -0.54732586
647 -0.50926082
648 -0.31253525
649 -0.32348703
650 -0.40900184
651 -0.42368154
652 -0.75106202
653 -0.78984008
654 -0.63316169
655 -0.57465606
656 -0.74714824
657 -0.8701694
658 -0.9016588
659 0.029272096
660 -0.23319824
661 -0.24156619
662 -0.14875394
663 -0.31681011
664 -0.34120725
665 -0.4315812
666 -0.18971104
667 -0.11447254
668 -0.19406474
669 -0.2667105
670 -0.40347116
671 -0.60255006
672 -0.14967243
673 -0.14219933
674 0.41188394
675 0.45329646
676 0.58082432
677 0.57036148
678 0.48048357
679 0.2275756
680 0.80266415
681 0.79929955
682 0.57344179
683 0.34179073
684 0.47972262
685 -0.040808969
686 0.034965789
687 0.14530395
688 -0.22103583
689 -0.18062911
690 -0.44434193
691 -0.61869529
692 -1.0134954
693 -0.36778301
694 -0.52417863
695 -0.16307968
696 -0.4935348
697 -0.76375195
698 -0.75706446
699 -0.79941403
700 -0.86496346
701 -0.92211393
702 -0.90950316
703 -1.0053087
704 -0.57237333
705 0.20985217
706 0.011603758
707 -0.22829879
708 -0.5711525
709 -0.46255107
710 -0.29757027
711 -0.45175527
712 0.16221911
713 -0.27689894
714 0.21205214
715 0.14588078
716 -0.58002117
717 -0.39369036
718 -0.23875157
719 -0.51411854
720 -0.35591841
721 -0.25393725
722 -0.13132579
723 -0.079283411
724 0.025301648
725 -0.099412892
726 -0.05916671
727 0.22432845
728 0.17717893
729 0.35214852
730 0.1162306
731 -0.035238859
732 -0.030025647
733 0.019312518
734 0.12165867
735 0.30504188
736 -0.18510751
737 -0.14465509
738 -0.438639
739 0.26039854
740 -0.040630164
741 0.13600643
742 -0.03865697
743 -0.10224944
744 -0.15086289
745 -0.31474588
746 -0.31883528
747 -0.3166466
748 0.34120068
749 -0.27661118
750 -0.15672427
751 -0.21082079
752 -0.21772792
753 0.1198207
754 0.25002818
755 0.0095499643
756 -0.14338121
757 0.37270755
758 0.063837004
759 0.17525851
760 0.304329
761 0.14251138
762 -0.018154628
763 0.19378516
764 0.60663369
765 0.42151889
766 0.29748501
767 0.16432851
768 0.30805106
769 0.18431709
770 0.75428935
771 0.61038785
772 0.68567608
773 1.3484784
774 1.4913633
775 0.78061789
776 1.1400905
777 1.3512092
778 1.2907793
779 1.1621997
780 1.4846113
781 1.431062
782 1.4456608
783 1.4007519
784 1.1928967
785 0.96179481
786 0.92264578
787 1.2412476
788 0.95741906
789 0.66497049
790 0.77997273
791 0.91322347
792 0.74514948
793 0.83162233
794 0.91408545
795 0.96878024
796 0.97178829
797 0.60163098
798 0.5794651
799 0.65240537
800 1.0039958
801 0.57454275
802 0.41128254
803 0.54827417
804 1.2488948
805 1.1424562
806 1.0590045
807 1.6429146
808 1.6432867
809 1.3423531
810 1.309412
811 1.3797761
812 0.91191817
813 0.95441629
814 0.67437825
815 0.97101296
816 1.2242553
817 0.97287864
818 1.0936842
819 1.1319255
820 1.2159655
821 1.3944332
822 1.5482395
823 1.569579
824 1.2088542
825 1.310877
826 0.79879806
827 1.0056278
828 1.0759814
829 0.95950352
830 1.5534794
831 1.4997657
832 1.7252445
833 1.8232257
834 1.7703846
835 1.5660337
836 1.4901928
837 1.4459898
838 1.5011164
839 1.5367689
840 1.7233062
841 1.459502
842 1.3575343
843 1.2062353
844 1.1159255
845 1.1281217
846 1.2478417
847 1.5241937
848 1.5696617
849 1.916893
850 1.255369
851 1.0309334
852 1.0153788
853 1.4718948
854 1.1952764
855 1.1492144
856 1.185449
857 0.99461197
858 1.2231043
859 0.89629913
860 1.1680961
861 1.4928568
862 1.7947979
863 0.96714931
864 1.3743968
865 0.97662953
866 0.92716697
867 1.0645157
868 0.89661916
869 0.70998178
870 1.1863247
871 0.75825473
872 0.83909953
873 0.93894759
874 0.61569932
875 0.86451234
876 0.95431737
877 1.3877334
878 1.6874491
879 1.5047695
880 1.4710535
881 1.7870809
882 1.7753065
883 1.2597099
884 1.685845
885 1.534445
886 1.0227695
887 1.4479431
888 1.5147474
889 1.5733245
890 1.5456049
891 1.6906363
892 1.6680949
893 1.800888
894 1.9699709
895 1.9732538
896 1.9750879
897 1.8931241
898 2.0562945
899 2.2750604
900 1.753207
901 1.9606711
902 1.9398962
903 1.5094513
904 1.9498915
905 2.167155
906 2.3503776
907 2.3403541
908 2.3128309
909 1.938734
910 1.9787489
911 1.8085596
912 2.0277816
913 2.3334638
914 2.1679976
915 2.0754929
916 2.224655
917 2.1656217
918 2.0599978
919 2.1412866
920 2.1711798
921 1.328366
922 1.3368408
923 1.5927044
924 1.6933756
925 1.4898377
926 1.4431056
927 1.3391901
928 0.98620832
929 1.0692086
930 0.90540208
931 0.59844959
932 0.99097411
933 0.57465827
934 0.58133332
935 0.83806466
936 0.82126185
937 1.0455316
938 1.5569057
939 1.0703347
940 0.79636865
941 0.30255644
942 0.28667368
943 0.64451571
944 0.85545913
945 0.64345357
946 0.33486373
947 0.13882395
948 0.47373238
949 0.50241148
950 0.44558246
951 0.29553142
952 0.47515396
953 0.44790751
954 0.53129061
955 0.32415852
956 0.38740224
957 0.73404809
958 0.65188347
959 1.3431548
960 1.0594618
961 0.78434377
962 0.95633972
963 0.83735876
964 0.7820957
965 0.93836399
966 1.2739811
967 1.079285
968 1.0500354
969 1.0053841
970 0.66981367
971 0.88002471
972 0.91298974
973 0.86240911
974 0.77740166
975 0.89866269
976 0.90235523
977 0.81537976
978 0.98071549
979 1.0169756
980 0.58664032
981 0.7022483
982 0.80667009
983 0.9705646
984 1.1001224
985 0.53347818
986 0.48467856
987 0.34916156
988 0.30039911
989 0.90499283
990 1.573507
991 1.5794661
992 1.3608705
993 1.3037405
994 1.1053398
995 0.85050022
996 1.0644895
997 0.93912373
998 0.69516498
999 0.63847326
1000 0.82862423
1001 0.72406049
1002 1.185129
1003 1.3941725
1004 0.86773461
1005 0.6772014
1006 0.74790607
1007 0.56731884
1008 0.68576592
1009 0.76676592
1010 0.85122167
1011 0.89707455
1012 0.63048732
1013 0.86293616
1014 0.84791737
1015 0.67500268
1016 0.68033999
1017 0.64376114
1018 0.80871981
1019 0.79465035
1020 0.48332996
1021 0.42210088
1022 0.53649907
1023 0.64096679
1024 0.26715262
1025 0.50503532
1026 0.3970726
1027 0.25127254
1028 0.49340902
1029 0.36696211
1030 0.062058484
1031 0.064252911
1032 0.31673477
1033 0.16699652
1034 0.25015361
1035 -0.21425109
1036 0.17004328
1037 0.55955777
1038 0.2487957
1039 0.3116044
1040 0.27175303
1041 0.20719854
1042 0.33343454
1043 0.15700495
1044 0.1474976
1045 0.23164936
1046 0.25903418
1047 -0.013455939
1048 0.0924994
1049 0.090862055
1050 0.067577455
1051 0.68043744
1052 0.77705603
1053 0.5042096
1054 0.99717783
1055 0.80424077
1056 1.0336967
1057 0.61606168
1058 0.89802799
1059 0.74615213
1060 0.98417416
1061 1.5222803
1062 1.6037676
1063 1.2255055
1064 0.96218603
1065 1.2215061
1066 1.0149361
1067 0.91588127
1068 1.0968807
1069 1.2391509
1070 1.6330208
1071 1.5752049
1072 1.3714799
1073 1.1807363
1074 1.4968773
1075 1.550154
1076 1.1657285
1077 1.1201994
1078 1.0493576
1079 1.0247818
1080 1.0794092
1081 0.77337209
1082 0.79546238
1083 0.73895425
1084 0.885836
1085 0.72886678
1086 0.79430284
1087 0.95030373
1088 0.8801199
1089 0.53943801
1090 0.5100923
1091 0.4677937
1092 0.79296242
1093 0.49616492
1094 0.42024136
1095 0.15152617
1096 -0.18290948
1097 -0.21472887
1098 -0.24041188
1099 -0.34538832
1100 -0.11395599
1101 -0.3209208
1102 -0.022092494
1103 0.24928467
1104 0.60031784
1105 0.3139859
1106 0.59755128
1107 1.1640385
1108 0.89062123
1109 1.1102439
1110 0.82792087
1111 0.83684701
1112 0.55495279
1113 1.0632548
1114 0.77597182
1115 0.92171003
1116 0.3447281
1117 0.36937172
1118 0.36532276
1119 0.47668274
1120 0.39523678
1121 0.077045487
1122 0.21865096
1123 0.60290081
1124 0.39139129
1125 0.37305805
1126 0.37294899
1127 0.55279064
1128 0.68635176
1129 0.70023685
1130 0.0070191574
1131 0.045801305
1132 -0.0050042006
1133 -0.52916847
1134 -0.34565565
1135 -0.95438896
1136 -1.0896443
1137 -1.0883997
1138 -0.89878248
1139 -1.1670009
1140 -1.1039805
1141 -1.1847103
1142 -1.0971287
1143 -1.0410422
1144 -1.4409459
1145 -1.2279708
1146 -0.67803319
1147 -0.68557899
1148 -0.65097467
1149 -0.58779031
1150 -0.67165275
1151 -0.38677474
1152 -0.47970325
1153 -0.68473218
1154 -0.7952676
1155 -0.9027502
1156 -1.0860874
1157 -0.59330577
1158 -0.75820091
1159 -0.15873776
1160 -0.34675614
1161 -0.60574473
1162 -0.4157873
1163 -0.40815077
1164 -0.53112297
1165 -0.41906861
1166 -0.17128053
1167 -0.086560459
1168 -0.0020517501
1169 0.075912012
1170 0.36221711
1171 0.16211495
1172 0.28000193
1173 0.42368033
1174 0.66429099
1175 0.4467485
1176 -0.21073658
1177 -0.11715336
1178 0.33834022
1179 0.17706471
1180 0.67511175
1181 0.72329205
1182 0.55086783
1183 0.13228715
1184 0.072929921
1185 -0.040410221
1186 -0.0098001186
1187 0.30103253
1188 -0.175394
1189 0.0089584147
1190 0.58790397
1191 0.65026569
1192 0.70367981
1193 0.59105323
1194 1.0617024
1195 0.96720181
1196 0.69432043
1197 0.16452706
1198 0.36242477
1199 0.035401111
1200 0.10250861
1201 0.20844243
1202 -0.27753747
1203 -0.28072192
1204 -0.059997275
1205 0.3409927
1206 0.51072185
1207 0.63790428
1208 0.77982958
1209 0.51588756
1210 -0.27783822
1211 -0.15910728
1212 0.055284479
1213 0.17781717
1214 -0.25408541
1215 -0.068631289
1216 -0.36031864
1217 -0.31836639
1218 -0.51467783
1219 -0.041635703
1220 -0.067877864
1221 -0.054381673
1222 0.055439329
1223 -0.085308713
1224 -0.15077908
1225 -0.53279399
1226 -0.88534409
1227 -0.82422191
1228 -0.88401034
1229 -0.74095697
1230 -0.56924318
1231 -0.27699597
1232 -0.71537726
1233 -1.0166612
1234 -0.96181366
1235 -0.73841181
1236 -0.32257226
1237 -1.3158149
1238 -1.1117055
1239 -1.2709491
1240 -1.0705996
1241 -0.94023104
1242 -0.9874293
1243 -0.76800816
1244 -0.54588212
1245 -0.488089
1246 -0.64837117
1247 -0.92088193
1248 -0.68821082
1249 -0.7767157
1250 -1.4843745
1251 -1.4429798
1252 -1.0954149
1253 -1.3894162
1254 -0.87576312
1255 -0.58856058
1256 -0.16890027
1257 -0.19981944
1258 -0.37375886
1259 -0.57198128
1260 -0.81822759
1261 -0.94239778
1262 -0.7793411
1263 -0.51201007
1264 -0.63428615
1265 -0.69426208
1266 -0.46841147
1267 -0.82125167
1268 -1.4143446
1269 -1.32725
1270 -1.4061553
1271 -1.3182752
1272 -1.2405784
1273 -1.4735015
1274 -1.3696652
1275 -1.1399179
1276 -1.0526582
1277 -1.2319337
1278 -1.4055093
1279 -1.449764
1280 -1.0925563
1281 -1.3053171
1282 -1.1940777
1283 -0.86957388
1284 -0.84160334
1285 -1.3085653
1286 -1.2029855
1287 -0.99397583
1288 -1.0153209
1289 -0.88486484
1290 -0.94863068
1291 -0.90657302
1292 -0.79999976
1293 -0.82318684
1294 -0.45271479
1295 -0.56499916
1296 -0.6049713
1297 -0.50267579
1298 -0.45849062
1299 -0.63948289
1300 -0.36372107
1301 -0.18993852
1302 -0.041024252
1303 -0.3120965
1304 -0.56728625
1305 -0.48092981
1306 -0.68209931
1307 -0.081524015
1308 -0.394888
1309 -0.41211982
1310 -0.76883732
1311 -0.5048041
1312 -0.81755041
1313 -0.35831838
1314 -0.32455469
1315 -0.35995508
1316 -0.51685238
1317 -0.49111891
1318 -0.35661516
1319 -1.0395058
1320 -0.9532336
1321 -0.74478191
1322 -1.159663
1323 -1.0774514
1324 -0.99464608
1325 -1.0916262
1326 -1.0833739
1327 -1.0997658
1328 -1.3861313
1329 -1.1865538
1330 -1.4685384
1331 -1.2580492
1332 -1.1836333
1333 -1.378481
1334 -1.2645589
1335 -1.3548305
1336 -2.1608589
1337 -1.52573
1338 -1.5756377
1339 -1.6748513
1340 -1.7006602
1341 -1.2710536
1342 -1.4539149
1343 -1.7359637
1344 -1.3528507
1345 -1.2280144
1346 -1.3235654
1347 -1.1529509
1348 -1.3288036
1349 -1.6868523
1350 -1.714014
1351 -1.6592278
1352 -1.7677083
1353 -1.4087905
1354 -1.2117933
1355 -1.300784
1356 -1.1554935
1357 -1.8949798
1358 -1.4417412
1359 -1.645212
1360 -0.72570139
1361 -0.8357228
1362 -0.89364611
1363 -0.75821111
1364 -0.97911542
1365 -0.56991802
1366 -0.49611747
1367 -0.51598941
1368 -0.76723904
1369 -0.93892227
1370 -0.61200161
1371 -0.64295085
1372 -1.0773878
1373 -1.1339225
1374 -1.1358292
1375 -1.5068933
1376 -1.5657466
1377 -1.5550036
1378 -1.3992021
1379 -1.5034278
1380 -1.9374606
1381 -1.754007
1382 -1.7267786
1383 -1.9719054
1384 -2.3900474
1385 -2.2368543
1386 -2.3715324
1387 -2.0828354
1388 -1.5481076
1389 -2.0907613
1390 -1.7508198
1391 -1.5294327
1392 -1.2873943
1393 -1.1375346
1394 -1.4216175
1395 -1.2459948
1396 -1.6120455
1397 -1.8994119
1398 -1.7695182
1399 -1.5678735
1400 -1.6360444
1401 -2.0614528
1402 -2.1136694
1403 -1.9356756
1404 -1.74747
1405 -1.8133101
1406 -2.3360359
1407 -2.5558289
1408 -2.3875831
1409 -2.5215096
1410 -2.2640989
1411 -2.1531547
1412 -2.1926319
1413 -2.0818616
1414 -1.9859578
1415 -2.2519384
1416 -2.3135428
1417 -2.6966347
1418 -2.4305657
1419 -2.3532616
1420 -2.4336727
1421 -2.9470313
1422 -3.0476646
1423 -2.7351563
1424 -2.9051568
1425 -2.5015634
1426 -2.2182865
1427 -2.1718128
1428 -2.0318787
1429 -1.9251184
1430 -1.8388755
1431 -1.9949131
1432 -1.7854313
1433 -1.8400972
1434 -2.0021025
1435 -2.133022
1436 -1.6411631
1437 -1.6157433
1438 -1.6063471
1439 -1.5656473
1440 -1.908439
1441 -1.9551965
1442 -2.0564855
1443 -2.4572665
1444 -2.2478288
1445 -2.0745979
1446 -2.0761001
1447 -2.2525261
1448 -2.1177722
1449 -2.2492999
1450 -1.5859815
1451 -1.5714943
1452 -1.7709312
1453 -1.8409723
1454 -1.8268092
1455 -1.8315739
1456 -1.4137978
1457 -1.3283747
1458 -1.7716452
1459 -1.2412793
1460 -1.2681599
1461 -1.6696749
1462 -1.6944356
1463 -1.6556651
1464 -1.6180908
1465 -1.4172158
1466 -1.0815516
1467 -1.1241143
1468 -1.1614801
1469 -0.72949007
1470 -0.55494466
1471 -0.84584404
1472 -0.90498063
1473 -0.6281915
1474 -0.75446422
1475 -0.94364669
1476 -0.76564251
1477 -0.65238787
1478 -1.2344917
1479 -1.0781129
1480 -1.0211982
1481 -1.2026529
1482 -1.1463532
1483 -0.99853972
1484 -1.1457968
1485 -1.5630311
1486 -1.4486382
1487 -1.9610299
1488 -1.7664748
1489 -1.8938718
1490 -2.1384848
1491 -2.1649364
1492 -2.1891328
1493 -2.3732383
1494 -2.4701485
1495 -2.29979
1496 -1.7557019
1497 -1.86681
1498 -2.5784296
1499 -1.5197268
1500 -1.5057856
1501 -1.5042623
1502 -1.3221436
1503 -1.5809109
1504 -1.5424378
1505 -1.3506436
1506 -1.3559324
1507 -1.6431402
1508 -1.3763824
1509 -1.1974334
1510 -1.4846295
1511 -1.387242
1512 -1.5085202
1513 -1.038674
1514 -1.5548714
1515 -1.6638642
1516 -1.3408375
1517 -1.4445553
1518 -1.1694658
1519 -1.2516349
1520 -1.1158433
1521 -1.2874903
1522 -1.175024
1523 -1.3869063
1524 -1.1622571
1525 -1.6428491
1526 -1.6596469
1527 -1.7108013
1528 -1.1899066
1529 -1.1259597
1530 -0.63703098
1531 -0.71667592
1532 -0.96474876
1533 -0.64422152
1534 -0.91601466
1535 -0.87324994
1536 -1.261193
1537 -1.1906948
1538 -1.1966426
1539 -1.4353323
1540 -1.6927884
1541 -1.7663375
1542 -1.6506181
1543 -1.6678178
1544 -1.4322062
1545 -1.701559
1546 -1.3345902
1547 -1.6258271
1548 -1.2726531
1549 -1.1453205
1550 -1.3134814
1551 -1.3267504
1552 -1.1529603
1553 -1.3560102
1554 -1.4816034
1555 -1.6156224
1556 -1.6587694
1557 -1.753303
1558 -1.7043244
1559 -1.4907523
1560 -1.7795907
1561 -1.7719332
1562 -1.6313941
1563 -1.0933922
1564 -0.78625678
1565 -0.806596
1566 -1.0543651
1567 -0.93784779
1568 -0.94157337
1569 -0.99163767
1570 -0.88652556
1571 -0.83049021
1572 -1.0851435
1573 -1.5014045
1574 -1.5981644
1575 -1.6749489
1576 -1.3184323
1577 -0.67806029
1578 -0.62376216
1579 -0.68631791
1580 -0.61553741
1581 -1.2045475
1582 -0.94427184
1583 -1.0956254
1584 -1.3856314
1585 -1.0983137
1586 -1.4037889
1587 -0.98197506
1588 -0.81187105
1589 -1.0872881
1590 -0.98457521
1591 -1.123921
1592 -1.2540393
1593 -1.4928003
1594 -2.0437898
1595 -1.8600911
1596 -1.5377412
1597 -1.4447741
1598 -1.7798416
1599 -1.8941452
1600 -1.7354591
1601 -1.6556874
1602 -1.833567
1603 -1.0582952
1604 -1.2469983
1605 -1.543704
1606 -1.511442
1607 -1.4972996
1608 -1.4967421
1609 -1.4275349
1610 -1.4995366
1611 -1.493609
1612 -1.3026084
1613 -1.9511533
1614 -2.1574076
1615 -2.0941591
1616 -2.3658553
1617 -1.772847
1618 -1.1613006
1619 -0.85602383
1620 -1.0653173
1621 -0.68268471
1622 -0.73368429
1623 -0.77547681
1624 -0.61094645
1625 -0.70268416
1626 -1.0128662
1627 -0.65523159
1628 -0.90658817
1629 -0.83360289
1630 -0.65823509
1631 -0.53452623
1632 -0.51693362
1633 -1.065137
1634 -0.8361959
1635 -1.0209659
1636 -1.295827
1637 -1.4422856
1638 -1.0711378
1639 -1.1770695
1640 -1.1649825
1641 -1.2558448
1642 -1.1428042
1643 -1.0822694
1644 -1.2992501
1645 -0.66767838
1646 -0.65225254
1647 -1.0444584
1648 -1.1035573
1649 -1.0254514
1650 -0.80645626
1651 -1.1370065
1652 -0.99742506
1653 -1.0827912
1654 -1.2505868
1655 -1.1863606
1656 -1.1466492
1657 -1.1047522
1658 -1.6071561
1659 -1.4975793
1660 -1.4523242
1661 -1.3702079
1662 -1.5047713
1663 -1.5622438
1664 -1.3324309
1665 -1.0319504
1666 -1.2925147
1667 -0.21191284
1668 -0.74503438
1669 -0.84894334
1670 -1.045392
1671 -0.6811919
1672 -0.953555
1673 -0.85656021
1674 -0.8007253
1675 -0.67792992
1676 -0.99295563
1677 -0.84737696
1678 -0.49032323
1679 -0.53541058
1680 -0.49502366
1681 -0.35240343
1682 -0.37235629
1683 -0.49013128
1684 -0.49370818
1685 0.18400269
1686 -0.43316749
1687 -0.37371106
1688 -0.44137879
1689 -0.40252412
1690 0.292687
1691 0.16514693
1692 0.2920226
1693 0.26600547
1694 0.3008798
1695 0.26881692
1696 0.28907692
1697 0.12097635
1698 0.64873136
1699 0.46549872
1700 0.53374027
1701 1.0427631
1702 0.41928353
1703 0.21410003
1704 0.62787415
1705 0.47147292
1706 0.37989127
1707 0.35848729
1708 0.65082915
1709 0.77827015
1710 0.90677977
1711 0.77917146
1712 -0.0018646052
1713 0.11734259
1714 0.40722623
1715 0.11352921
1716 0.39301399
1717 0.44569773
1718 0.22439763
1719 0.92680934
1720 0.40618759
1721 0.46429219
1722 0.68055686
1723 0.64961558
1724 1.022165
1725 1.2251315
1726 1.0793376
1727 0.58206691
1728 0.688101
1729 0.65149147
1730 0.47239655
1731 0.35980638
1732 0.46893547
1733 0.8152812
1734 0.40560847
1735 0.21436336
1736 0.35353613
1737 0.40446654
1738 0.6094066
1739 0.60811987
1740 0.49178392
1741 0.11646643
1742 0.16309711
1743 0.29810015
1744 0.14102464
1745 0.12483506
1746 -0.36641064
1747 -0.12480979
1748 -0.2069398
1749 -0.35757209
1750 -0.67387099
1751 -0.5936872
1752 -0.70003235
1753 -0.2316294
1754 -0.10759844
1755 -0.29351502
1756 -0.36720812
1757 0.32634468
1758 0.24955786
1759 0.12697398
1760 0.27296323
1761 -0.11042079
1762 0.10043022
1763 0.41405465
1764 0.71648592
1765 0.62379549
1766 0.45220005
1767 0.67680834
1768 0.82665221
1769 0.9009751
1770 0.89473877
1771 0.9469653
1772 0.93451028
1773 0.91708451
1774 0.93340421
1775 0.86000143
1776 0.47788695
1777 0.76485181
1778 0.82745146
1779 0.89424414
1780 0.97391298
1781 0.41227489
1782 0.73611159
1783 0.37570176
1784 0.41403693
1785 0.5112877
1786 0.49407712
1787 0.67504617
1788 0.73480431
1789 0.56129523
1790 0.15798298
1791 0.22840517
1792 0.13675156
1793 0.2803943
1794 0.20156013
1795 0.2571116
1796 0.29531631
1797 0.46674175
1798 0.25374889
1799 0.93101443
1800 0.81530718
1801 0.61081689
1802 0.50615711
1803 0.52015293
1804 0.34744942
1805 0.10014987
1806 0.3287513
1807 0.48470874
1808 -0.058702341
1809 0.093326453
1810 0.18648648
1811 0.14201776
1812 0.16016911
1813 0.44624442
1814 0.36892331
1815 0.47167088
1816 0.1456809
1817 0.52355838
1818 0.34815566
1819 0.50140692
1820 0.60409317
1821 0.39111678
1822 0.32591501
1823 0.70999222
1824 0.69880559
1825 0.51756908
1826 0.68433869
1827 0.56312775
1828 0.63118125
1829 0.66898852
1830 0.36706527
1831 0.87756224
1832 0.84621041
1833 0.79778455
1834 0.68685073
1835 0.70047671
1836 1.2985557
1837 1.1427264
1838 0.76096183
1839 0.13212864
1840 0.38473256
1841 0.26957555
1842 0.41667565
1843 0.17441043
1844 0.12412779
1845 0.098357356
1846 0.14253644
1847 0.49988245
1848 0.20920185
1849 0.45132191
1850 0.68504847
1851 0.59911046
1852 0.37867337
1853 -0.46840369
1854 -0.19983809
1855 -0.41363992
1856 -0.085504242
1857 -0.56731114
1858 -0.35816027
1859 -0.17550515
1860 -0.9136828
1861 -0.83613585
1862 -0.6042764
1863 -0.857261
1864 -0.79525213
1865 0.018391931
1866 -0.21708442
1867 -0.33357038
1868 -0.35810358
1869 -0.30591854
1870 -0.26128823
1871 -0.64884476
1872 -0.72032511
1873 -0.49592516
1874 -0.60321903
1875 -0.51954964
1876 -0.56722323
1877 -0.10185019
1878 0.1644191
1879 0.40207241
1880 0.0099066028
1881 0.06881309
1882 0.39016757
1883 -0.013634819
1884 0.11702973
1885 -0.091878498
1886 -0.56549657
1887 -0.10775135
1888 0.15512069
1889 0.34937089
1890 0.10655307
1891 -0.16061747
1892 0.32621089
1893 0.29456793
1894 0.067156446
1895 0.48437109
1896 0.3955723
1897 0.64651885
1898 0.49061015
1899 0.76693147
1900 0.42181823
1901 0.6585211
1902 0.70214329
1903 0.72817256
1904 0.24846769
1905 0.17150986
1906 0.75311671
1907 0.63324127
1908 0.91173008
1909 0.71677153
1910 0.65411848
1911 0.92133595
1912 0.96586081
1913 0.82759377
1914 0.82917849
1915 0.42291876
1916 0.46410728
1917 0.24188064
1918 0.51507917
1919 0.49111229
1920 0.43056837
1921 0.6535701
1922 0.42350669
1923 0.45801462
1924 0.41496425
1925 0.44734847
1926 0.15572943
1927 0.59624456
1928 0.42217008
1929 0.40744913
1930 -0.11644949
1931 0.013376311
1932 -0.032139552
1933 0.25293212
1934 0.021573422
1935 0.12999536
1936 0.19664711
1937 0.1155303
1938 -0.0041137221
1939 -0.21535893
1940 -0.12296158
1941 0.20288932
1942 0.13039514
1943 0.19575251
1944 0.41848615
1945 0.28078505
1946 0.32053594
1947 0.71028356
1948 0.82354998
1949 0.91404972
1950 1.1327245
1951 0.97251388
1952 0.46460679
1953 0.28384291
1954 0.52158543
1955 0.408909
1956 0.080055621
1957 0.47936869
1958 0.47509186
1959 0.42791262
1960 0.49453513
1961 0.67183697
1962 0.80718674
1963 0.47671989
1964 0.30940566
1965 0.67119062
1966 0.37585144
1967 0.54011986
1968 0.41002397
1969 0.38202409
1970 0.53921301
1971 0.66046445
1972 0.57094049
1973 0.74252336
1974 0.71069716
1975 0.73695801
1976 0.72826454
1977 0.65947818
1978 0.6926469
1979 0.63087308
1980 0.59534467
1981 0.45731717
1982 0.78686365
1983 0.12344219
1984 -0.12614609
1985 0.026488751
1986 -0.10628102
1987 0.067538321
1988 -0.033691859
1989 0.28376675
1990 0.90187559
1991 0.82067462
1992 0.87052569
1993 0.87055678
1994 0.89858588
1995 0.97634848
1996 1.1327594
1997 0.83461227
1998 1.1648443
1999 0.78587196
2000 0.39036528
2001 0.58694376
2002 0.68403116
2003 0.84016886
2004 0.059548875
2005 0.32255452
2006 0.32783575
2007 0.30556808
2008 0.23228565
2009 -0.009354327
2010 -0.028731117
2011 -0.072187781
2012 0.38179976
2013 0.18540872
2014 0.33789028
2015 0.49274273
2016 1.030703
2017 0.60290156
2018 0.56911372
2019 0.34960541
2020 0.6711888
2021 0.32631627
2022 0.26604391
2023 0.060695311
2024 -0.044271429
2025 -0.12204724
2026 0.013352886
2027 0.045128263
2028 -0.24064335
2029 0.0052596901
2030 -0.23086359
2031 -0.13174799
2032 -0.20007817
2033 -0.25341488
2034 -0.025829074
2035 -0.049266416
2036 0.31000443
2037 0.4042947
2038 0.501447
2039 0.63895607
2040 0.66754445
2041 0.90896666
2042 1.0227976
2043 0.76312104
2044 0.59576134
2045 0.71057829
2046 0.93254319
2047 0.88367163
2048 0.72508237
2049 0.49218977
2050 0.34382985
2051 0.76317627
2052 0.53556207
2053 0.52972389
2054 0.0038004402
2055 0.7184127
2056 0.15419646
2057 -0.094341329
2058 -0.19751896
2059 -0.04497893
2060 0.29426393
2061 0.31220251
2062 0.45399737
2063 0.48779326
2064 0.51754991
2065 0.80007721
2066 0.78949249
2067 0.68849327
2068 0.33635106
2069 0.60417813
2070 0.37884562
2071 0.85596726
2072 0.74062947
2073 0.9207168
2074 0.93297578
2075 1.0740709
2076 1.3178004
2077 1.2290848
2078 1.6065431
2079 1.5297067
2080 1.6050484
2081 1.9764794
2082 1.7456517
2083 1.7065103
2084 1.593907
2085 2.1424629
2086 1.6111785
2087 1.6380917
2088 1.766039
2089 1.6463723
2090 1.7212123
2091 1.6366564
2092 1.6124213
2093 1.4962743
2094 1.6690226
2095 1.6781323
2096 1.571092
2097 1.6756867
2098 1.0981196
2099 0.90370534
2100 0.70859315
2101 0.99462823
2102 0.90692261
2103 1.1381572
2104 0.95750974
2105 1.1605898
2106 1.1676351
2107 1.2223597
2108 1.0653161
2109 1.0728688
2110 1.5742645
2111 1.7723996
2112 1.7051686
2113 1.6315539
2114 1.6571609
2115 0.99513575
2116 1.3708477
2117 1.565846
2118 1.98658
2119 2.1631375
2120 2.2063742
2121 2.0478318
2122 1.8201689
2123 1.5373132
2124 1.6033712
2125 1.5622394
2126 1.7366955
2127 1.7651347
2128 1.7402338
2129 1.6869437
2130 1.0197945
2131 1.4276411
2132 0.98059473
2133 1.3178531
2134 1.5159253
2135 1.5819708
2136 1.5777975
2137 2.044355
2138 2.2143857
2139 1.986636
2140 2.1554451
2141 2.5048801
2142 2.1938903
2143 2.046694
2144 2.1711009
2145 2.4355934
2146 2.3820236
2147 2.5659576
2148 2.2139966
2149 2.4298132
2150 2.0588593
2151 1.6229392
2152 1.5559868
2153 1.6105183
2154 1.1023244
2155 1.2223607
2156 1.454263
2157 1.9206237
2158 1.7627341
2159 1.6102218
2160 1.6509034
2161 1.3643376
2162 2.2428088
2163 1.7588528
2164 1.2429226
2165 1.2921399
2166 1.2684
2167 1.6894697
2168 1.9063512
2169 1.5936299
2170 1.6190351
2171 1.8279777
2172 1.9168058
2173 1.2230838
2174 1.2239919
2175 1.2913678
2176 1.2509543
2177 1.4365961
2178 1.3409721
2179 1.7432709
2180 1.4975719
2181 1.4142434
2182 1.9511249
2183 1.7772921
2184 2.1072189
2185 2.0961524
2186 1.8741172
2187 1.9706502
2188 1.8342255
2189 1.8558023
2190 1.7063386
2191 1.4133839
2192 1.9578653
2193 1.8923778
2194 1.6618922
2195 1.2335683
2196 1.2513587
2197 1.3787285
2198 1.3966197
2199 1.4383238
2200 1.6049246
2201 1.5941732
2202 1.9542158
2203 0.89256246
2204 1.2665496
2205 1.1949192
2206 1.3409275
2207 1.5039319
2208 1.0300786
2209 1.2295452
2210 1.5425287
2211 1.1782698
2212 0.99336009
2213 1.1109057
2214 1.622275
2215 1.4319405
2216 1.4379165
2217 1.676069
2218 1.3099499
2219 1.2671765
2220 1.4511093
2221 1.5583482
2222 1.5047034
2223 1.621456
2224 1.5260435
2225 2.0904802
2226 2.1984238
2227 2.175717
2228 1.6851857
2229 1.726373
2230 1.7355066
2231 1.4488638
2232 1.2367179
2233 1.4805749
2234 1.7155729
2235 1.6034376
2236 1.353903
2237 1.398408
2238 0.76338245
2239 1.2767848
2240 1.1134773
2241 1.1419312
2242 1.1584516
2243 0.62355804
2244 0.55074929
2245 0.55102889
2246 0.8246085
2247 1.2397067
2248 1.2220563
2249 1.3617587
2250 0.95471547
2251 0.64730985
2252 0.96536109
2253 0.72137381
2254 0.7623348
2255 0.52896613
2256 0.83735804
2257 1.0667383
2258 0.68142712
2259 1.0127537
2260 1.2114723
2261 1.9133569
2262 1.4662373
2263 1.4459119
2264 1.2158585
2265 1.3054589
2266 1.4007214
2267 1.3712454
2268 1.6076529
2269 1.7022507
2270 1.5261278
2271 1.4905768
2272 1.2515868
2273 1.297126
2274 1.2515634
2275 0.78352458
2276 0.7380306
2277 0.83161417
2278 0.87254155
2279 0.6075328
2280 0.50212249
2281 1.2318982
2282 1.307182
2283 1.2436489
2284 0.63321976
2285 0.7395918
2286 1.072252
2287 0.72325742
2288 1.1310936
2289 1.0001572
2290 0.88708792
2291 0.90999236
2292 0.95660733
2293 1.1156007
2294 1.2026686
2295 1.474777
2296 1.537637
2297 1.6384673
2298 1.4311658
2299 1.3763254
2300 1.3004563
2301 1.6398258
2302 1.776401
2303 1.867917
2304 1.7515277
2305 1.8716462
2306 1.7690218
2307 1.7421961
2308 1.4614167
2309 1.5444186
2310 1.7403289
2311 1.2357886
2312 1.3220129
2313 1.3067086
2314 1.3144014
2315 1.3992094
2316 1.820018
2317 1.7825816
2318 1.8495473
2319 1.7201154
2320 1.7603987
2321 1.4721905
2322 2.0216608
2323 2.0671584
2324 2.4853415
2325 2.2302036
2326 2.2595337
2327 2.2009568
2328 2.3873212
2329 2.3748269
2330 2.2032473
2331 2.5426864
2332 2.148894
2333 2.3803521
2334 2.4540471
2335 2.2882909
2336 1.8420979
2337 1.7436118
2338 1.4272991
2339 1.8780703
2340 1.9135258
2341 1.9535392
2342 2.1280352
2343 2.0008824
2344 1.78953
2345 1.5148347
2346 1.3871973
2347 1.4471006
2348 1.2584008
2349 1.1170461
2350 1.3045152
2351 1.3937288
2352 1.0980802
2353 1.1965718
2354 0.72673176
2355 1.2281475
2356 0.78834129
2357 1.0231113
2358 0.31097246
2359 0.28948228
2360 -0.0440649
2361 0.11456804
2362 -0.21553675
2363 0.12169935
2364 0.076805741
2365 -0.050547223
2366 0.013190227
2367 0.23723931
2368 -0.12753733
2369 -0.019612999
2370 0.5092892
2371 0.083087118
2372 0.024345881
2373 -0.40713905
2374 -0.42569715
2375 -0.14229567
2376 -0.21759028
2377 -0.39685528
2378 -0.49706895
2379 -0.23898096
2380 -0.079627236
2381 -0.1842389
2382 -0.4495408
2383 0.039501078
2384 0.0030713021
2385 -0.086546641
2386 -0.030911643
2387 0.1278907
2388 0.1615608
2389 -0.053559292
2390 -0.14429974
2391 0.50254572
2392 0.40678559
2393 0.53803668
2394 0.30267444
2395 0.42063473
2396 0.89967301
2397 0.026669449
2398 0.24545067
2399 0.50295699
2400 0.26551707
2401 0.59117751
2402 0.44352846
2403 0.2262372
2404 -0.064478846
2405 0.29281114
2406 0.32842366
2407 0.19784043
2408 0.36826195
2409 0.28582767
2410 0.1239317
2411 0.1906148
2412 0.68856557
2413 0.4808245
2414 0.34233146
2415 -0.094285411
2416 -0.19402735
2417 -0.082403085
2418 -0.45711364
2419 -0.5268597
2420 -0.56900977
2421 -0.54172351
2422 -0.69546223
2423 -0.58024231
2424 -0.41105661
2425 -1.0928483
2426 -0.98622868
2427 -0.92561507
2428 -0.92700417
2429 -0.71431593
2430 -0.8007351
2431 -0.88735199
2432 -0.88890068
2433 -1.2382852
2434 -1.2442166
2435 -1.2873491
2436 -1.2226475
2437 -1.058526
2438 -1.1700964
2439 -1.1351129
2440 -1.0488157
2441 -0.98320666
2442 -1.5606381
2443 -1.0647857
2444 -1.1790813
2445 -1.8820009
2446 -0.92755628
2447 -1.0049325
2448 -1.6230369
2449 -1.4034198
2450 -1.1336307
2451 -1.4163076
2452 -1.536045
2453 -0.82754444
2454 -0.71888701
2455 -0.54182545
2456 -0.55590457
2457 -0.49051495
2458 -1.1882018
2459 -0.91800308
2460 -0.87417088
2461 -1.0203478
2462 -1.2052817
2463 -1.4797594
2464 -1.4734471
2465 -0.9730017
2466 -1.1802985
2467 -1.3647926
2468 -0.99312317
2469 -0.97760576
2470 -0.91295708
2471 -0.86726957
2472 -0.66123697
2473 -0.55458612
2474 -0.40623883
2475 -0.4648819
2476 -0.44684331
2477 -0.0011541191
2478 0.077983122
2479 0.27275798
2480 0.013986995
2481 0.21282797
2482 0.092961297
2483 -0.099760474
2484 0.027832822
2485 0.22435222
2486 0.068270505
2487 0.017505589
2488 0.12818811
2489 -0.011378791
2490 -0.19230931
2491 -0.12880384
2492 -0.25149585
2493 -0.19836625
2494 -0.46631943
2495 -0.49562065
2496 -0.040984211
2497 0.23024742
2498 0.29114405
2499 -0.25755552
2500 -0.032805699
2501 -0.13573677
2502 -0.0059276811
2503 0.28699096
2504 0.1307329
2505 0.21440755
2506 0.20076403
2507 0.38298644
2508 0.28300591
2509 0.0038350157
2510 -0.041731215
2511 0.30371317
2512 -0.15068506
2513 -0.26840784
2514 -0.12296444
2515 -0.44948946
2516 0.025123263
2517 -0.29935287
2518 -0.043970564
2519 -0.36524226
2520 0.1224529
2521 0.22003332
2522 0.12979007
2523 0.28743356
2524 0.30179311
2525 0.3281996
2526 -0.12989316
2527 0.27778566
2528 0.35298296
2529 0.46331251
2530 0.38174748
2531 0.8697609
2532 0.65137364
2533 0.2850625
2534 0.45153172
2535 0.7813406
2536 0.24678589
2537 0.30530128
2538 0.42077789
2539 0.092058234
2540 0.021878503
2541 0.16758626
2542 -0.023305146
2543 0.30234722
2544 0.44979809
2545 0.697301
2546 0.67133314
2547 0.37837637
2548 0.10300359
2549 0.14686429
2550 0.30806346
2551 0.45683978
2552 0.84698663
2553 0.68956018
2554 0.65769656
2555 0.62899806
2556 0.5159612
2557 0.12249808
2558 0.035837708
2559 0.22555835
2560 0.076408263
2561 -0.056173222
2562 0.084568435
2563 0.32206162
2564 0.055385164
2565 0.38475075
2566 0.14992384
2567 -0.20385448
2568 -0.16838451
2569 0.0839219
2570 0.17426917
2571 0.083549706
2572 0.068333599
2573 -0.24944983
2574 0.32083835
2575 0.43768443
2576 0.84661946
2577 0.25053692
2578 0.11111823
2579 0.057050681
2580 -0.056204824
2581 -0.11672974
2582 -0.27093549
2583 -0.40475586
2584 -0.1147383
2585 -0.59130387
2586 -0.24601169
2587 -0.30219311
2588 -0.13391429
2589 -0.059316937
2590 0.12855413
2591 -0.18652817
2592 -0.79118703
2593 -0.068226682
2594 0.16087553
2595 -0.18770332
2596 -0.083056061
2597 -0.048573822
2598 -0.55940117
2599 -0.43484732
2600 -0.18878809
2601 -0.17405379
2602 -0.19881024
2603 -0.3888128
2604 -0.36345677
2605 -0.55654421
2606 -0.42597562
2607 -0.33900906
2608 -0.89656558
2609 -0.64099279
2610 -0.43613133
2611 -0.73345397
2612 -0.66087318
2613 -0.22245315
2614 -0.28326717
2615 -0.3377042
2616 -0.34755809
2617 -0.45247683
2618 -0.0049521054
2619 0.055344488
2620 0.17748025
2621 0.3017772
2622 0.21501814
2623 0.28237839
2624 0.51046684
2625 1.093601
2626 0.7963967
2627 0.84610335
2628 0.95521027
2629 1.0758149
2630 -0.067782647
2631 0.15740178
2632 0.11688336
2633 0.067442227
2634 0.066224112
2635 0.12587743
2636 0.16845372
2637 0.11128758
2638 0.28617088
2639 0.22006089
2640 0.22350228
2641 0.56708443
2642 0.2497336
2643 -0.099803545
2644 -0.0058613365
2645 0.23871465
2646 0.48541453
2647 0.25098876
2648 0.36393918
2649 0.45847821
2650 -0.061675167
2651 -0.013427015
2652 0.27820237
2653 0.12619027
2654 -0.014069525
2655 0.041265789
2656 -0.2256086
2657 -0.35338443
2658 -0.49651663
2659 -0.40997221
2660 -0.48873198
2661 -0.40925947
2662 -0.47482706
2663 -0.55806608
2664 -0.25668475
2665 -0.56624432
2666 -0.40058002
2667 -0.08396005
2668 0.11120515
2669 0.13251766
2670 0.019103916
2671 0.24572005
2672 -0.21467719
2673 0.31662405
2674 0.19852073
2675 0.14097405
2676 -0.023415379
2677 0.19852505
2678 -0.14956975
2679 0.015279916
2680 0.16271705
2681 0.061170538
2682 -0.33968148
2683 -0.61254854
2684 -0.37766778
2685 -0.43950464
2686 -0.17722062
2687 -0.23078124
2688 -0.47473279
2689 -0.85889676
2690 -0.95896935
2691 -0.78164935
2692 -0.38731358
2693 -0.15247289
2694 -0.12786453
2695 -0.17461165
2696 0.31955761
2697 0.022709464
2698 0.087272486
2699 0.083661878
2700 -0.032807104
2701 -0.21500635
2702 -0.19584803
2703 -0.21595952
2704 0.042392314
2705 0.19449979
2706 0.0045862664
2707 0.20175734
2708 -0.076708735
2709 -0.053020853
2710 0.20443069
2711 0.62636526
2712 0.55887449
2713 0.49406216
2714 -0.034065948
2715 -0.47357724
2716 -0.50644211
2717 -0.47679927
2718 -0.12908239
2719 -0.44496029
2720 -0.86080514
2721 -0.96667118
2722 -0.57264209
2723 -0.53401438
2724 -0.69714166
2725 -0.67109715
2726 -0.55991903
2727 -0.4614388
2728 -0.70059736
2729 -0.57647433
2730 -0.28193171
2731 -0.78799582
2732 -0.90194466
2733 -1.3360528
2734 -0.33326234
2735 -0.45765742
2736 -1.0345382
2737 -1.0452252
2738 -1.0230759
2739 -1.0787623
2740 -1.1918361
2741 -1.06983
2742 -1.0403572
2743 -1.095022
2744 -1.438176
2745 -1.665525
2746 -1.8187999
2747 -1.786476
2748 -1.7501774
2749 -1.5624508
2750 -1.4492117
2751 -1.3148478
2752 -0.98136735
2753 -1.0237068
2754 -1.3201348
2755 -1.2336712
2756 -1.4858239
2757 -1.3458982
2758 -1.6377709
2759 -1.4370564
2760 -1.3953695
2761 -1.5651803
2762 -1.6561998
2763 -1.7619207
2764 -1.9870935
2765 -1.7752505
2766 -1.7398119
2767 -1.8086778
2768 -1.5747693
2769 -1.6968315
2770 -1.8333871
2771 -1.9444758
2772 -1.8414591
2773 -2.0781438
2774 -1.1067231
2775 -1.1816941
2776 -1.5244222
2777 -1.4955981
2778 -1.9020892
2779 -1.980383
2780 -1.8364879
2781 -2.1359293
2782 -1.7006147
2783 -1.3170598
2784 -1.4893888
2785 -1.4469644
2786 -1.3536671
2787 -1.8892179
2788 -1.7737667
2789 -1.7543536
2790 -1.7732271
2791 -1.8995092
2792 -1.5633685
2793 -1.3781809
2794 -1.5155144
2795 -1.4558281
2796 -1.5866968
2797 -1.7401839
2798 -1.5529627
2799 -1.1081649
2800 -1.0790396
2801 -1.1976111
2802 -1.2460338
2803 -0.72696483
2804 -0.46400146
2805 -0.8094697
2806 -1.0356398
2807 -0.92767143
2808 -0.82729032
2809 -0.95545525
2810 -1.0727056
2811 -1.0512329
2812 -0.72437772
2813 -0.56359231
2814 -0.74971635
2815 -1.0599508
2816 -0.94463248
2817 -0.74474458
2818 -1.1862183
2819 -1.3228101
2820 -1.1187309
2821 -1.2011598
2822 -1.2414353
2823 -1.1324702
2824 -1.1095136
2825 -0.65327377
2826 -0.59929951
2827 -0.53974619
2828 -0.6090511
2829 -0.8552572
2830 -0.86814876
2831 -1.0904368
2832 -1.1099242
2833 -0.83280064
2834 -1.1743972
2835 -1.1801625
2836 -0.73732963
2837 -0.92725511
2838 -0.27720762
2839 -0.61781851
2840 -0.52728481
2841 -0.31964231
2842 -0.44380081
2843 -0.43934146
2844 -0.33722197
2845 -0.29256978
2846 -0.28802036
2847 -0.36106526
2848 -0.53458876
2849 -0.93476302
2850 -0.58001382
2851 -0.73754792
2852 -1.1246061
2853 -0.87284176
2854 -1.086798
2855 -1.3382637
2856 -1.1953614
2857 -0.72545202
2858 -0.70127577
2859 -1.0400114
2860 -1.1451407
2861 -1.144581
2862 -1.0599745
2863 -1.1630607
2864 -1.3971287
2865 -1.1730033
2866 -1.1045297
2867 -1.8191573
2868 -1.5792073
2869 -1.4296783
2870 -1.4667065
2871 -1.538552
2872 -1.5553983
2873 -1.9120567
2874 -1.818845
2875 -0.90347565
2876 -0.90945677
2877 -0.8105945
2878 -0.94071193
2879 -0.77178618
2880 -0.64666919
2881 -0.91059416
2882 -0.83871653
2883 -0.9132776
2884 -0.99889858
2885 -1.4477432
2886 -1.4161859
2887 -1.3148642
2888 -1.3545041
2889 -1.4768929
2890 -1.4133442
2891 -1.5062029
2892 -1.655073
2893 -2.0940452
2894 -2.3176565
2895 -2.0516302
2896 -1.4479681
2897 -1.4665506
2898 -1.1627278
2899 -1.5056772
2900 -1.4771712
2901 -1.5606837
2902 -1.2713909
2903 -1.7101582
2904 -1.8615158
2905 -1.7011647
2906 -1.6783958
2907 -1.804409
2908 -1.3056494
2909 -1.5104245
2910 -1.3774319
2911 -1.1437345
2912 -0.98005452
2913 -1.3446418
2914 -1.3924847
2915 -1.2555808
2916 -1.3674206
2917 -1.5932549
2918 -2.0135499
2919 -2.0555801
2920 -1.9655853
2921 -2.0832388
2922 -1.752786
2923 -1.8543152
2924 -1.8219583
2925 -1.4282032
2926 -1.3309269
2927 -1.3418031
2928 -0.81593191
2929 -0.59854825
2930 -0.43198765
2931 -0.65125101
2932 -0.25187641
2933 -0.32890826
2934 -0.17748124
2935 -0.98282508
2936 -1.0496623
2937 -1.3122411
2938 -1.267538
2939 -1.0963233
2940 -1.2050834
2941 -1.2254643
2942 -0.8470987
2943 -0.94195893
2944 -0.73942014
2945 -1.0664228
2946 -0.83906253
2947 -0.8903113
2948 -0.83357689
2949 -1.1006759
2950 -0.8965822
2951 -1.1370304
2952 -0.61684047
2953 -0.72150022
2954 -0.66071565
2955 -1.1220116
2956 -1.2214221
2957 -1.035913
2958 -1.2367952
2959 -1.1521356
2960 -1.0109464
2961 -1.2736334
2962 -1.2773459
2963 -1.4111882
2964 -1.1751525
2965 -0.88705911
2966 -0.68238325
2967 -0.79307567
2968 -0.93065617
2969 -1.1489673
2970 -0.52745565
2971 -0.32708808
2972 -0.88507893
2973 -0.96692468
2974 -0.64455519
2975 -0.6059245
2976 -0.50073263
2977 -0.82493287
2978 -1.0013765
2979 -0.72758098
2980 -0.61790848
2981 -0.79672541
2982 -0.24060336
2983 -0.14798945
2984 -0.042674705
2985 -0.5185562
2986 -0.91059487
2987 -0.76381748
2988 -0.521338
2989 -0.80566042
2990 -0.11170531
2991 -0.15323261
2992 -0.16003525
2993 -0.32632449
2994 -0.28240971
2995 -0.63816437
2996 -0.15952028
2997 -0.5067098
2998 -0.21465155
2999 0.1749088
3000 0.080393804
3001 0.24797522
3002 -0.10930437
3003 -0.30996696
3004 -0.38684787
3005 -0.60963527
3006 -0.64664897
3007 -0.80903342
3008 -0.99010783
3009 -1.2031501
3010 -0.93728743
3011 -0.93230609
3012 -1.1399298
3013 -0.88940714
3014 -0.55323288
3015 -0.75716698
3016 -0.6460239
3017 -0.5509257
3018 -0.65144239
3019 -1.2236032
3020 -0.88974278
3021 -0.74755876
3022 -0.71857887
3023 -0.3909462
3024 -0.43783819
3025 -0.72425876
3026 -0.86646819
3027 -0.67068981
3028 -0.86334878
3029 -0.73765372
3030 -1.1407524
3031 -0.89336975
3032 -0.80306609
3033 -1.0354016
3034 -0.20261219
3035 -0.15700792
3036 -0.24418357
3037 0.058637066
3038 -0.047185934
3039 -0.25223774
3040 -0.33952333
3041 -0.25615829
3042 -0.33063341
3043 -0.73583976
3044 -0.84464966
3045 -0.94095855
3046 -1.1942419
3047 -1.1270689
3048 -1.2288835
3049 -1.2606204
3050 -1.1212391
3051 -1.1396326
3052 -0.97942029
3053 -0.76560356
3054 -1.2744571
3055 -1.0307462
3056 -1.084626
3057 -0.62659234
3058 -1.0856965
3059 -0.62967492
3060 -0.68919286
3061 -0.59874832
3062 -0.82100641
3063 -1.3165269
3064 -1.4398153
3065 -1.5117726
3066 -1.4634359
3067 -0.94135051
3068 -0.77443952
3069 -1.2612201
3070 -0.66960839
3071 -0.48222366
3072 -0.50617851
3073 -0.40797948
3074 -0.57068106
3075 -0.58636041
3076 -0.78132756
3077 -0.71460134
3078 -0.91945063
3079 -0.66051017
3080 -0.55671373
3081 -0.63427597
3082 -0.67378084
3083 -0.28358413
3084 -0.041123582
3085 -0.18927105
3086 -0.45233277
3087 0.080528824
3088 -0.074962722
3089 -0.032824446
3090 0.21691163
3091 -0.047973975
3092 -0.14845515
3093 -0.00053538561
3094 -0.57962033
3095 -0.39279473
3096 -0.34216822
3097 -0.36139042
3098 -0.34015512
3099 -0.66842049
3100 -0.78531743
3101 -0.64215147
3102 -0.20660362
3103 -0.43316549
3104 -0.97644972
3105 -0.9521128
3106 -0.034002555
3107 -0.28777131
3108 -0.07122942
3109 -0.37535871
3110 -0.12966071
3111 -0.53737152
3112 -0.68252682
3113 -0.76048873
3114 -0.62425263
3115 -0.097519585
3116 -0.54574112
3117 -0.76662795
3118 -0.98866945
3119 -0.82287934
3120 -0.70587288
3121 -0.22868074
3122 -0.52155882
3123 -0.17456205
3124 -0.21305915
3125 -0.26479677
3126 -0.44419565
3127 -0.39165489
3128 -0.81195439
3129 -0.65439374
3130 -0.92166526
3131 -0.36959224
3132 -0.37128375
3133 -0.26412394
3134 -0.81873344
3135 -0.57788937
3136 -0.6246265
3137 -0.37648112
3138 -0.91254415
3139 -0.68662599
3140 -0.62764866
3141 -0.89792851
3142 -0.73584917
3143 -0.55401358
3144 -0.54451124
3145 -0.53345386
3146 -1.3562229
3147 -0.9149007
3148 -1.0372959
3149 -1.2060093
3150 -0.9615737
3151 -0.37203263
3152 -0.3328537
3153 -0.43036264
3154 -0.62385143
3155 -0.65794202
3156 -0.82510798
3157 -0.43929614
3158 -0.35424187
3159 -0.12289953
3160 -0.052023318
3161 -0.4793615
3162 -0.44308863
3163 -0.1668446
3164 -0.47515024
3165 -0.4053559
3166 -0.47927735
3167 -0.042220389
3168 -0.74423399
3169 -0.6059132
3170 -0.43851138
3171 -0.23189451
3172 0.32646076
3173 0.23045749
3174 0.18265804
3175 0.31466166
3176 -0.0048101594
3177 0.26787729
3178 0.1810536
3179 0.42552104
3180 0.49663625
3181 0.17362748
3182 0.16586363
3183 0.53520075
3184 0.43425594
3185 0.42685943
3186 0.63351437
3187 0.2997133
3188 0.1492105
3189 0.28591983
3190 0.35000292
3191 0.45030141
3192 0.88538835
3193 0.39363822
3194 0.54716362
3195 0.32925222
3196 0.24403252
3197 0.41228967
3198 0.27687173
3199 -0.22908508
3200 0.071711811
3201 -0.42791064
3202 -0.20426149
3203 -0.077635196
3204 0.34248531
3205 0.12689275
3206 -0.055533214
3207 -0.28518443
3208 -0.12223348
3209 0.14021104
3210 0.36782814
3211 0.37904086
3212 -0.41953016
3213 -0.14955005
3214 -0.11003483
3215 -0.21444675
3216 0.16003352
3217 0.46193709
3218 0.50265304
3219 0.13671441
3220 -0.32387043
3221 -0.2502988
3222 -0.73317761
3223 -0.72840733
3224 -0.49480573
3225 -0.46183037
3226 -0.55736792
3227 -0.82393728
3228 -0.85699617
3229 -1.2994956
3230 -0.64915345
3231 -0.63996974
3232 -0.82011151
3233 -1.061701
3234 -1.3175076
3235 -0.47822056
3236 -0.33320939
3237 -0.32509413
3238 -0.12424692
3239 -0.19920144
3240 -0.2416758
3241 -0.31864699
3242 -0.45556832
3243 -0.072148487
3244 0.10437117
3245 -0.16993797
3246 -0.21182023
3247 -0.27368153
3248 -0.33747225
3249 -0.032971997
3250 0.30266072
3251 -0.056548638
3252 -0.44911012
3253 -0.7169875
3254 -0.34344253
3255 0.05348315
3256 -0.14413373
3257 -0.58907478
3258 -0.94450755
3259 -0.59196043
3260 -0.51147371
3261 -0.60732337
3262 -0.77013431
3263 -0.80039826
3264 -1.2540436
3265 -1.3602577
3266 -1.2675776
3267 -1.7888604
3268 -1.5865607
3269 -1.7079821
3270 -1.4654364
3271 -1.2002319
3272 -1.3127805
3273 -0.59164493
3274 -0.71075951
3275 -0.39955366
3276 -0.69997157
3277 -0.3861609
3278 -0.79742977
3279 -0.4169587
3280 -0.34749807
3281 -0.22303527
3282 -0.49142441
3283 0.13356402
3284 -0.070019927
3285 -0.045145002
3286 0.34317172
3287 0.11946044
3288 0.4571763
3289 0.26585001
3290 0.074027468
3291 0.20630933
3292 0.38128745
3293 0.24462913
3294 0.46128206
3295 0.51018596
3296 0.52127064
3297 -0.080669796
3298 -0.068866162
3299 0.00023080434
3300 -0.12099924
3301 0.18757047
3302 -0.027740023
3303 0.077257115
3304 0.45927725
3305 0.59639338
3306 0.40254141
3307 0.40227385
3308 0.3074961
3309 0.52871676
3310 0.21161062
3311 0.45271541
3312 -0.10424903

