0 0.15191737
1 1.4483789
2 -0.63210372
3 -0.0064669398
4 -0.37155857
5 -0.02816879
6 -0.25242343
7 0.13547114
8 0.63657137
9 0.49380716
10 0.47651688
11 0.36315983
12 -0.18642936
13 -0.34558585
14 -0.46642358
15 -0.30551636
16 0.071264571
17 0.63276343
18 -0.15054034
19 -0.71926334
20 0.041218703
21 -0.35589143
22 -0.40441152
23 -0.24813628
24 0.40028789
25 0.47211062
26 0.45314129
27 -0.14554907
28 0.24454244
29 0.13302168
30 0.87652942
31 1.1710131
32 1.2213024
33 0.49101868
34 0.57085365
35 0.60849312
36 1.0720569
37 0.81873674
38 0.68700526
39 0.58383992
40 0.58934803
41 1.5577671
42 1.3153558
43 1.694935
44 1.2225833
45 1.1204117
46 1.0042217
47 0.97350671
48 0.69507164
49 1.1895041
50 1.3090923
51 1.1321481
52 0.62588284
53 0.82591946
54 0.19193407
55 0.35203025
56 0.069353267
57 -0.2481554
58 0.065914223
59 -0.15470006
60 -0.6465385
61 -0.1898664
62 -0.73888893
63 -0.68581294
64 -0.86937914
65 -0.87245673
66 -0.25222177
67 -0.29388222
68 0.029272096
69 -0.23601466
70 -0.72929426
71 -0.51709489
72 -0.24391346
73 -0.10091679
74 0.039973481
75 0.32799845
76 0.69931532
77 1.3956652
78 1.0015024
79 1.5033506
80 0.8745851
81 1.0281096
82 1.106743
83 1.1249569
84 1.7028929
85 1.2985767
86 1.0476439
87 1.594716
88 1.9398299
89 1.5697747
90 2.0037409
91 2.1528463
92 2.1088833
93 2.0924
94 0.63067537
95 0.55566688
96 0.63898845
97 0.90235523
98 0.63302238
99 0.55298516
100 1.4603003
101 0.76806499
102 0.84246476
103 1.2603896
104 1.4462686
105 1.3038731
106 0.22404106
107 -0.0068712857
108 0.46103625
109 0.21865096
110 -0.86050134
111 0.28000193
112 -0.049635436
113 -0.93397323
114 -0.9483457
115 -0.9874293
116 -0.83638822
117 -1.1595517
118 -0.81332763
119 -1.6093597
120 -1.1923765
121 -1.373655
122 -0.33244622
123 -0.81123275
124 -0.40766707
125 -0.94940394
126 -1.0829046
127 -1.4317016
128 -1.2746851
129 -1.5603301
130 -1.4761724
131 -1.7230591
132 -0.87677341
133 -1.2465996
134 -1.2910108
135 -1.1128526
136 -1.9887828
137 -1.6972944
138 -1.6898502
139 -2.4136677
140 -2.8962744
141 -2.2945331
142 -2.1296655
143 -1.9259878
144 -1.7130322
145 -1.6363183
146 -0.76508078
147 -1.4685623
148 -2.0058517
149 -1.7881846
150 -1.5653967
151 -0.71667592
152 -0.2459653
153 -0.82183702
154 -1.7663375
155 -1.1507713
156 -1.7719332
157 -1.0551868
158 -1.139557
159 -1.434267
160 -0.71930348
161 -0.77848158
162 -0.93142833
163 -1.2399181
164 -0.90964982
165 -0.49824498
166 -0.42310145
167 -0.43424913
168 0.2166802
169 0.65583071
170 0.42259977
171 1.1473405
172 0.96937336
173 -0.055693332
174 0.06825579
175 0.64668197
176 0.70617725
177 0.47550323
178 -0.26881495
179 -0.82372526
180 0.054013858
181 -0.013634819
182 -0.10000647
183 -0.53347525
184 0.33966711
185 0.32820833
186 0.64131077
187 -0.26701259
188 0.92133595
189 0.56868829
190 0.49104869
191 -0.045427474
192 0.38936681
193 0.10181245
194 0.37245559
195 0.12344219
196 -0.1516643
197 0.90187559
198 0.52114223
199 0.38416764
200 0.13437918
201 -0.15044407
202 -0.30432349
203 0.25638427
204 -0.36110889
205 -0.32502315
206 1.0227976
207 1.5747087
208 1.5288946
209 1.4023183
210 1.2698209
211 1.4683205
212 2.503822
213 1.9592518
214 1.2805173
215 1.2956623
216 1.4975719
217 1.5621652
218 1.1679635
219 1.7668646
220 1.3702829
221 0.95268752
222 1.8350223
223 0.33637306
224 0.37259736
225 0.55074929
226 1.9352405
227 1.2339331
228 1.4866041
229 2.3264869
230 2.2754995
231 1.7742593
232 2.2506195
233 1.5838473
234 1.6422106
235 0.73981629
236 0.77790825
237 0.064318713
238 0.24176083
239 -0.079627236
240 -0.00090209537
241 0.42385656
242 0.45751602
243 -0.69455459
244 -1.1348102
245 -1.275038
246 -1.2421365
247 -1.308594
248 -0.040012418
249 -0.29836589
250 0.080071629
251 0.21378867
252 0.59703567
253 -0.1911767
254 0.27065458
255 0.36048387
256 0.23987012
257 0.12751758
258 0.060405551
259 0.068333599
260 -0.14170308
261 -0.30647923
262 -0.3659303
263 -0.50894687
264 0.016219762
265 -0.2114681
266 -0.26137591
267 -0.11471861
268 0.042938712
269 -0.2198957
270 -0.19097909
271 -0.77330205
272 -0.10418737
273 0.23941362
274 -0.47066135
275 -0.17722062
276 -0.19366523
277 0.27209865
278 0.19449979
279 -0.41637496
280 -0.90194466
281 -1.9155652
282 -0.90649274
283 -1.5633685
284 -1.1957248
285 -1.2926958
286 -0.65592919
287 -0.86244631
288 -1.1719187
289 -0.92899137
290 -0.68798052
291 -1.0838235
292 -1.4296783
293 -1.0896354
294 -1.4050605
295 -0.87827359
296 -1.2694073
297 -1.372376
298 -1.4232799
299 -1.8174918
300 -0.36730029
301 -1.2447242
302 -0.68974641
303 -1.0664228
304 -1.30348
305 -0.38544904
306 -0.17484918
307 -0.068842605
308 -0.9520147
309 -1.1780741
310 -0.42588726
311 -0.52147696
312 -1.0764011
313 -0.56239964
314 -1.1221755
315 -0.65794202
316 -0.39719015
317 0.026438256
318 0.2754539
319 0.5426511
320 -0.23049671
321 -0.65722298
322 0.22192988
323 -1.3718103
324 0.1856354
325 -0.2457654
326 -0.90532827
327 -0.39955366
328 0.059608745
329 0.040185698
330 -0.063693336

