0 0.17234515
1 3.5460684
2 3.6994194
3 0.01899409
4 1.5141669
5 -0.54329311
6 2.6898583
7 -0.27492877
8 -0.0065644196
9 -0.30048728
10 -0.30048728
11 0.22346216
12 0.22346216
13 -0.44105908
14 -0.32604579
15 -0.70942343
16 -0.72220268
17 -0.70942343
18 -0.0065644196
19 -0.51773461
20 -0.45383833
21 -0.60718939
22 -0.59441013
23 -0.17269473
24 -0.72220268
25 -0.70942343
26 -0.72220268
27 -0.76054044
28 -0.72220268
29 -0.7733197
30 -0.7733197
31 0.082890363
32 0.13400738
33 -0.096019202
34 -0.236591
35 0.3256962
36 0.031773344
37 -0.019343674
38 -0.12157771
39 3.0604567
40 -0.70942343
41 -0.31326653
42 -0.27492877
43 -0.26214951
44 -0.27492877
45 -0.27492877
46 -0.24937026
47 -0.19825324
48 -0.26214951
49 -0.26214951
50 -0.24937026
51 -0.73498193
52 -0.69664417
53 -0.79887821
54 -0.30048728
55 -0.69664417
56 -0.70942343
57 -0.64552715
58 -0.61996864
59 -0.10879846
60 -0.10879846
61 -0.40272131
62 3.3799381
63 0.01899409
64 -0.032122929
65 0.14678664
66 0.14678664
67 0.42793024
68 0.44070949
69 0.54294353
70 0.59406055
71 -0.17269473
72 -0.0065644196
73 -0.14713622
74 -0.18547398
75 -0.19825324
76 0.49182651
77 2.574845
78 0.49182651
79 2.1147919
80 2.8559886
81 2.7537546
82 2.6898583
83 4.3511614
84 0.70907384
85 0.95187968
86 0.12122813
87 -0.032122929
88 3.9422253
89 -0.42827982
90 -0.096019202
91 -0.28770802
92 -0.26214951
93 -0.82443672
94 -0.53051386
95 -0.42827982
96 -0.41550057
97 -0.28770802
98 -0.17269473
99 -0.15991548
100 -0.72220268
101 -0.73498193
102 -0.79887821
103 -0.83721597
104 0.095669618
105 0.0062148351
106 0.082890363
107 -0.84999523
108 -0.58163088
109 -0.096019202
110 -0.3516043
111 -0.083239947
112 -0.51773461
113 -0.33882504
114 -0.26214951
115 0.070111108
116 -0.76054044
117 -0.81165746
118 -0.69664417
119 -0.64552715
120 -0.60718939
121 -0.31326653
122 -0.79887821
123 -0.12157771
124 -0.40272131
125 -0.87555374
126 4.3256029
127 2.421494
128 -0.12157771
129 -0.096019202
130 0.15956589
131 0.082890363
132 0.082890363
133 -0.59441013
134 -0.30048728
135 -0.30048728
136 -0.28770802
137 -0.26214951
138 -0.28770802
139 -0.10879846
140 -0.10879846
141 -0.28770802
142 -0.27492877
143 -0.15991548
144 -0.74776119
145 -0.6327479
146 -0.44105908
147 -0.18547398
148 -0.17269473
149 -0.083239947
150 -0.096019202
151 -0.27492877
152 -0.17269473
153 -0.13435697
154 -0.19825324
155 -0.21103249
156 0.12122813
157 -0.32604579
158 -0.044902184
159 0.070111108
160 -0.10879846
161 0.095669618
162 -0.82443672
163 0.50460577
164 -0.10879846
165 -0.070460693
166 2.4342732
167 -0.019343674
168 -0.67108566
169 -0.057681438
170 3.1371322
171 3.8399912
172 2.4470525
173 -0.0065644196
174 -0.19825324
175 0.070111108
176 -0.24937026
177 0.17234515
178 -0.54329311
179 -0.7733197
180 0.031773344
181 -0.26214951
182 -0.15991548
183 -0.15991548
184 -0.65830641
185 -0.61996864
186 -0.3771628
187 -0.044902184
188 -0.68386492
189 -0.81165746
190 -0.83721597
191 -0.90111224
192 -0.79887821
193 -0.82443672
194 -0.40272131
195 -0.81165746
196 -0.82443672
197 -0.19825324
198 -0.22381175
199 -0.22381175
200 -0.18547398
201 -0.15991548
202 0.45348875
203 -0.18547398
204 -0.0065644196
205 -0.0065644196
206 -0.26214951
207 -0.40272131
208 -0.28770802
209 -0.17269473
210 -0.15991548
211 -0.13435697
212 -0.044902184
213 -0.17269473
214 -0.54329311
215 -0.14713622
216 -0.18547398
217 -0.95222926
218 -0.12157771
219 -0.13435697
220 -0.019343674
221 0.057331854
222 0.057331854
223 -0.40272131
224 -0.096019202
225 -0.24937026
226 -0.10879846
227 2.0636748
228 0.8624249
229 0.81130788
230 1.066893
231 0.37681322
232 -0.26214951
233 -0.19825324
234 -0.26214951
235 0.22346216
236 0.13400738
237 0.26179993
238 -0.019343674
239 0.33847546
240 -0.044902184
241 3.8016535
242 0.01899409
243 -0.057681438
244 3.2521455
245 0.31291695
246 -0.78609895
247 1.015776
248 -0.044902184
249 2.6770791
250 1.7314142
251 3.124353
252 2.5109487
253 -0.19825324
254 3.2393663
255 -0.14713622
256 -0.4921761
257 -0.21103249
258 -0.13435697
259 -0.79887821
260 -0.81165746
261 -0.83721597
262 -0.88833299
263 -0.92667075
264 -0.9138915
265 -0.92667075
266 -0.90111224
267 -0.92667075
268 -0.9138915
269 -0.92667075
270 -0.9138915
271 -0.9138915
272 -0.78609895
273 -0.88833299
274 -0.88833299
275 -0.88833299
276 -0.87555374
277 -0.88833299
278 -0.21103249
279 0.031773344
280 -0.13435697
281 0.21068291
282 -0.68386492
283 0.10844887
284 -0.30048728
285 -0.38994206
286 1.4247121
287 0.0062148351
288 0.01899409
289 0.0062148351
290 0.0062148351
291 0.17234515
292 0.17234515
293 -0.50495535
294 -0.84999523
295 -0.88833299
296 -0.88833299
297 -0.97778777
298 -0.24937026
299 -0.58163088
300 -0.84999523
301 -1.0161255
302 -1.0289048
303 -0.86277448
304 -0.87555374
305 -0.73498193
306 -0.78609895
307 -0.97778777
308 0.10844887
309 -0.0065644196
310 0.095669618
311 0.070111108
312 0.63239831
313 0.78574937
314 0.22346216
315 0.044552599
316 -0.22381175
317 -0.236591
318 0.082890363
319 -0.33882504
320 -0.36438355
321 -0.12157771
322 -0.10879846
323 -0.096019202
324 0.070111108
325 0.17234515
326 0.87520415
327 -0.22381175
328 -0.36438355

