0 0.17466174
1 0.21256573
2 -0.54551408
3 0.43998968
4 0.21256573
5 0.69268294
6 2.5373438
7 0.465259
8 0.28837371
9 1.817168
10 3.5102129
11 2.3225545
12 0.25046972
13 -0.72239937
14 1.6150134
15 -0.26755148
16 1.2991468
17 0.40208568
18 1.1096268
19 4.1545807
20 3.6618289
21 0.80639492
22 -0.28018614
23 0.75585626
24 1.5392054
25 2.7900371
26 1.0464535
27 0.16202708
28 2.4236318
29 -0.69713004
30 0.02304578
31 1.3244161
32 -0.027492874
33 0.6042403
34 0.35154703
35 3.3965009
36 4.2682927
37 0.43998968
38 0.02304578
39 0.27573905
40 1.5013014
41 3.3080583
42 2.4994398
43 3.8008102
44 1.2486081
45 0.64214429
46 0.41472035
47 -0.7097647
48 0.27573905
49 1.7287254
50 -0.53287941
51 3.8766181
52 0.47789367
53 -0.078031528
54 0.70531761
55 0.37681636
56 2.0193226
57 0.18729641
58 2.6636904
59 2.6636904
60 2.6636904
61 4.3946393
62 1.627648
63 2.4362665
64 1.9940533
65 0.13675775
66 -0.41916744
67 3.169077
68 3.1817117
69 0.13675775
70 -0.26755148
71 1.5518401
72 -0.29282081
73 4.0155994
74 -0.014858211
75 -0.014858211
76 -0.0022235472
77 -0.0022235472
78 -0.014858211
79 -0.014858211
80 -0.0022235472
81 -0.0022235472
82 0.11148842
83 0.11148842
84 -0.48234076
85 -0.29282081
86 -0.29282081
87 -0.30545547
88 -0.30545547
89 -0.30545547
90 -0.29282081
91 -0.29282081
92 -0.29282081
93 -0.29282081
94 -0.29282081
95 -0.29282081
96 -0.29282081
97 -0.29282081
98 -0.29282081
99 -0.29282081
100 -0.29282081
101 -0.21701283
102 2.1330346
103 0.51579766
104 -0.14120485
105 0.02304578
106 0.086219097
107 0.19993107
108 0.2252004
109 0.2252004
110 0.2252004
111 0.2252004
112 0.21256573
113 0.2252004
114 0.2252004
115 0.2252004
116 0.21256573
117 0.2252004
118 0.2252004
119 0.2252004
120 0.2252004
121 0.2252004
122 0.2252004
123 0.2252004
124 0.2252004
125 0.2252004
126 -0.48234076
127 -0.44443677
128 -0.43180211
129 -0.43180211
130 -0.43180211
131 -0.43180211
132 -0.43180211
133 -0.43180211
134 -0.43180211
135 -0.43180211
136 -0.41916744
137 -0.41916744
138 -0.31809013
139 -0.31809013
140 -0.31809013
141 -0.31809013
142 -0.30545547
143 -0.30545547
144 -0.31809013
145 -0.31809013
146 -0.30545547
147 -0.30545547
148 -0.64659139
149 -0.69713004
150 -0.69713004
151 -0.69713004
152 -0.69713004
153 -0.69713004
154 -0.69713004
155 -0.69713004
156 -0.7097647
157 -0.7097647
158 -0.7097647
159 -0.7097647
160 -0.7097647
161 -0.72239937
162 -0.69713004
163 -0.69713004
164 -0.69713004
165 -0.69713004
166 -0.69713004
167 -0.69713004
168 -0.69713004
169 -0.69713004
170 -0.69713004
171 -0.69713004
172 -0.69713004
173 -0.69713004
174 -0.69713004
175 -0.69713004
176 -0.73503403
177 -0.28018614
178 -0.014858211
179 -0.014858211
180 -0.0022235472
181 -0.014858211
182 -0.59605273
183 -0.52024475
184 -0.52024475
185 -0.52024475
186 -0.50761009
187 -0.52024475
188 -0.50761009
189 -0.50761009
190 -0.50761009
191 -0.50761009
192 -0.50761009
193 -0.50761009
194 -0.50761009
195 -0.50761009
196 -0.44443677
197 -0.44443677
198 -0.44443677
199 -0.44443677
200 -0.44443677
201 -0.44443677
202 -0.35599412
203 -0.25491682
204 -0.11593552
205 -0.16647417
206 -0.76030336
207 -0.59605273
208 -0.59605273
209 -0.59605273
210 -0.59605273
211 -0.60868739
212 -0.60868739
213 -0.60868739
214 -0.59605273
215 -0.60868739
216 -0.59605273
217 -0.59605273
218 -0.58341807
219 -0.58341807
220 -0.58341807
221 -0.58341807
222 -0.58341807
223 -0.58341807
224 -0.58341807
225 -0.58341807
226 -0.58341807
227 -0.20437816
228 -0.16647417
229 -0.16647417
230 -0.16647417
231 -0.16647417
232 -0.16647417
233 -0.14120485
234 -0.14120485
235 -0.14120485
236 -0.14120485
237 -0.078031528
238 0.048315107
239 -0.74766869
240 -0.7097647
241 -0.77293802
242 -0.78557268
243 -0.78557268
244 -0.79820735
245 -0.79820735
246 -0.79820735
247 -0.7097647
248 -0.7097647
249 -0.69713004
250 -0.69713004
251 -0.7097647
252 -0.7097647
253 -0.7097647
254 -0.7097647
255 -0.7097647
256 -0.7097647
257 -0.72239937
258 -0.7097647
259 -0.7097647
260 -0.7097647
261 -0.7097647
262 -0.7097647
263 -0.7097647
264 -0.74766869
265 -0.74766869
266 -0.74766869
267 -0.76030336
268 -0.76030336
269 -0.74766869
270 -0.74766869
271 -0.74766869
272 -0.72239937
273 -0.74766869
274 -0.7097647
275 -0.7097647
276 -0.7097647
277 -0.7097647
278 -0.7097647
279 -0.7097647
280 -0.7097647
281 -0.7097647
282 -0.7097647
283 -0.7097647
284 -0.7097647
285 -0.7097647
286 -0.73503403
287 -0.7097647
288 -0.76030336
289 -0.76030336
290 -0.76030336
291 -0.76030336
292 -0.76030336
293 -0.76030336
294 -0.76030336
295 -0.76030336
296 -0.76030336
297 -0.76030336
298 -0.76030336
299 -0.76030336
300 -0.76030336
301 -0.10330086
302 0.010411116
303 0.010411116
304 0.010411116
305 0.02304578
306 0.02304578
307 0.035680443
308 0.035680443
309 0.048315107
310 0.086219097
311 0.035680443
312 0.035680443
313 0.035680443
314 0.035680443
315 0.035680443
316 0.035680443
317 0.035680443
318 0.035680443
319 0.12412309
320 0.13675775
321 0.13675775
322 0.13675775
323 0.13675775
324 0.13675775
325 0.13675775
326 0.12412309
327 1.9056106
328 -0.24228215
329 0.30100838
330 -0.090666192
331 -0.027492874
332 0.11148842
333 0.11148842
334 -0.7097647
335 -0.25491682
336 -0.24228215
337 -0.24228215
338 -0.22964749
339 -0.22964749
340 -0.22964749
341 -0.22964749
342 -0.22964749
343 -0.14120485
344 -0.12857018
345 -0.040127538
346 -0.027492874
347 -0.052762201
348 0.3262777
349 0.3262777
350 0.3262777
351 -0.15383951
352 -0.52024475
353 -0.040127538
354 0.02304578
355 0.035680443
356 0.086219097
357 0.14939241
358 0.16202708
359 0.16202708
360 0.035680443
361 0.25046972
362 0.28837371
363 0.30100838
364 0.30100838
365 0.31364304
366 0.28837371
367 0.12412309
368 0.23783506
369 -0.027492874
370 -0.014858211
371 -0.014858211
372 3.6997329
373 3.0679997
374 0.49052833
375 1.6781867
376 -0.28018614
377 -0.1917435
378 -0.1917435
379 -0.1917435
380 -0.11593552
381 -0.82347667
382 3.6365595
383 3.1059037
384 -0.20437816
385 3.8008102
386 4.0155994
387 1.2486081
388 -0.052762201
389 4.1798501
390 3.0300957
391 0.99591487
392 2.8658451
393 0.84429891
394 4.3188314
395 4.3061967
396 0.14939241
397 -0.82347667
398 3.282789
399 0.02304578
400 -0.69713004
401 2.9669224
402 3.5228476
403 0.14939241
404 4.331466
405 1.703456
406 0.99591487
407 0.31364304
408 -0.41916744
409 -0.28018614
410 -0.30545547
411 -0.30545547
412 -0.29282081
413 -0.28018614
414 -0.28018614
415 -0.28018614
416 -0.28018614
417 -0.28018614
418 -0.28018614
419 -0.26755148
420 -0.26755148
421 -0.26755148
422 -0.26755148
423 -0.26755148
424 -0.26755148
425 -0.26755148
426 -0.28018614
427 -0.29282081
428 -0.26755148
429 -0.26755148
430 -0.25491682
431 -0.25491682
432 -0.25491682
433 -0.26755148
434 -0.26755148
435 -0.26755148
436 -0.26755148
437 -0.26755148
438 -0.26755148
439 -0.26755148
440 -0.26755148
441 -0.26755148
442 -0.26755148
443 -0.26755148
444 -0.26755148
445 -0.26755148
446 -0.26755148
447 -0.26755148
448 -0.26755148
449 -0.26755148
450 -0.26755148
451 -0.26755148
452 -0.34335946
453 -0.24228215
454 -0.24228215
455 -0.24228215
456 -0.24228215
457 -0.24228215
458 -0.24228215
459 -0.24228215
460 -0.24228215
461 -0.24228215
462 -0.24228215
463 -0.24228215
464 -0.24228215
465 -0.24228215
466 -0.24228215
467 -0.24228215
468 -0.24228215
469 -0.20437816
470 -0.1917435
471 -0.73503403
472 -0.77293802
473 -0.81084201
474 -0.82347667
475 -0.25491682
476 -0.28018614
477 -0.26755148
478 -0.26755148
479 -0.25491682
480 -0.25491682
481 -0.25491682
482 -0.25491682
483 -0.25491682
484 -0.25491682
485 -0.25491682
486 -0.24228215
487 -0.24228215
488 -0.24228215
489 -0.24228215
490 -0.25491682
491 -0.24228215
492 -0.24228215
493 -0.24228215
494 -0.24228215
495 -0.24228215
496 -0.24228215
497 -0.24228215
498 -0.24228215
499 -0.24228215
500 -0.24228215
501 -0.24228215
502 -0.24228215
503 -0.24228215
504 -0.24228215
505 -0.24228215
506 -0.7097647
507 -0.7097647
508 -0.7097647
509 -0.72239937
510 -0.72239937
511 -0.72239937
512 -0.72239937
513 -0.72239937
514 -0.79820735
515 -0.81084201
516 -0.81084201
517 -0.69713004
518 -0.69713004
519 -0.68449538
520 -0.68449538
521 -0.68449538
522 -0.68449538
523 -0.69713004
524 -0.69713004
525 -0.69713004
526 -0.68449538
527 -0.7097647
528 -0.78557268
529 -0.79820735
530 -0.78557268
531 -0.78557268
532 -0.78557268
533 -0.78557268
534 -0.63395672
535 -0.29282081
536 -0.29282081
537 -0.29282081
538 -0.29282081
539 -0.29282081
540 -0.29282081
541 -0.29282081
542 -0.29282081
543 -0.29282081
544 -0.29282081
545 -0.29282081
546 -0.29282081
547 -0.29282081
548 -0.29282081
549 -0.28018614
550 -0.68449538
551 -0.7097647
552 -0.81084201
553 -0.79820735
554 -0.78557268
555 -0.79820735
556 -0.79820735
557 -0.7097647
558 -0.69713004
559 -0.69713004
560 -0.69713004
561 -0.69713004
562 -0.69713004
563 -0.69713004
564 -0.69713004
565 -0.69713004
566 -0.7097647
567 -0.65922605
568 -0.63395672
569 -0.63395672
570 -0.63395672
571 -0.62132206
572 -0.62132206
573 -0.65922605
574 -0.64659139
575 -0.64659139
576 -0.64659139
577 -0.64659139
578 -0.63395672
579 -0.62132206
580 -0.60868739
581 -0.60868739
582 -0.60868739
583 -0.60868739
584 -0.60868739
585 -0.64659139
586 -0.12857018
587 -0.11593552
588 -0.11593552
589 -0.11593552
590 -0.10330086
591 -0.1917435
592 0.28837371
593 -0.1917435
594 -0.16647417
595 -0.15383951
596 -0.15383951
597 -0.15383951
598 -0.15383951
599 -0.10330086
600 -0.10330086
601 -0.10330086
602 -0.10330086
603 -0.090666192
604 -0.090666192
605 -0.090666192
606 -0.43180211
607 -0.40653278
608 -0.39389812
609 -0.39389812
610 -0.39389812
611 -0.39389812
612 -0.21701283
613 -0.14120485
614 -0.11593552
615 -0.11593552
616 -0.10330086
617 -0.10330086
618 -0.11593552
619 -0.79820735
620 3.3459623
621 0.06094977
622 -0.72239937
623 -0.090666192
624 -0.090666192
625 -0.090666192
626 -0.090666192
627 -0.090666192
628 -0.090666192
629 -0.0022235472
630 0.02304578
631 -0.0022235472
632 -0.22964749
633 -0.21701283
634 -0.20437816
635 -0.20437816
636 -0.20437816
637 -0.20437816
638 -0.1917435
639 -0.027492874
640 -0.027492874
641 -0.027492874
642 -0.027492874
643 -0.027492874
644 -0.027492874
645 -0.014858211
646 -0.014858211
647 -0.014858211
648 -0.0022235472
649 0.17466174
650 0.14939241
651 0.14939241
652 0.14939241
653 0.16202708
654 0.16202708
655 0.17466174
656 0.17466174
657 -0.67186071
658 0.45262434
659 -0.68449538
660 0.14939241
661 0.16202708
662 0.16202708
663 0.16202708
664 0.16202708
665 0.16202708
666 0.16202708
667 0.41472035
668 0.42735501
669 0.42735501
670 0.42735501
671 0.25046972
672 -0.69713004
673 0.086219097
674 0.048315107
675 -0.040127538
676 -0.28018614
677 -0.22964749
678 -0.22964749
679 -0.22964749
680 0.43998968
681 0.465259
682 0.45262434
683 0.43998968
684 0.43998968
685 0.45262434
686 0.45262434
687 0.45262434
688 0.465259
689 0.465259
690 0.54106698
691 0.27573905
692 0.38945102
693 0.38945102
694 0.38945102
695 0.40208568
696 0.40208568
697 0.59160564
698 0.59160564
699 0.59160564
700 0.59160564
701 0.59160564
702 0.62950963
703 -0.14120485
704 -0.14120485
705 -0.14120485
706 -0.14120485
707 -0.16647417
708 -0.15383951
709 -0.15383951
710 -0.16647417
711 -0.14120485
712 -0.12857018
713 -0.12857018
714 -0.12857018
715 1.9561493
716 -0.0022235472
717 -0.0022235472
718 -0.0022235472
719 -0.0022235472
720 -0.0022235472
721 -0.0022235472
722 -0.0022235472
723 -0.0022235472
724 -0.0022235472
725 -0.0022235472
726 -0.0022235472
727 -0.55814874
728 -0.15383951
729 -0.14120485
730 -0.14120485
731 -0.17910884
732 -0.1917435
733 -0.078031528
734 -0.078031528
735 -0.078031528
736 -0.078031528
737 -0.078031528
738 -0.078031528
739 -0.1917435
740 -0.17910884
741 -0.16647417
742 -0.16647417
743 -0.16647417
744 -0.16647417
745 -0.16647417
746 -0.16647417
747 0.59160564
748 -0.20437816
749 -0.20437816
750 -0.1917435
751 -0.1917435
752 -0.17910884
753 3.9271568
754 0.2252004
755 2.6889598
756 0.43998968
757 -0.0022235472
758 0.12412309
759 0.45262434
760 0.49052833
761 0.49052833
762 0.50316299
763 4.0029648
764 1.2486081
765 3.6112902
766 3.6112902
767 3.7376368
768 3.093269
769 -0.17910884
770 2.5499785
771 -0.77293802
772 0.086219097
773 0.06094977
774 0.073584434
775 2.3225545
776 2.7647678
777 0.14939241
778 0.42735501
779 0.43998968
780 0.49052833
781 4.36937
782 2.0572266
783 1.1728002
784 1.4507628
785 2.8153064
786 2.9163837
787 3.282789
788 1.2107041
789 2.7268638
790 2.0951306
791 3.6239249
792 0.3262777
793 1.0843575
794 2.9163837
795 1.0843575
796 2.3099199
797 -0.81084201
798 2.4994398
799 2.4362665
800 2.8279411
801 4.3567354
802 4.1672154
803 2.8026717
804 2.7774024
805 4.4325433
806 4.0029648
807 4.3567354
808 4.3820047
809 2.7900371
810 2.7268638
811 3.1817117
812 0.13675775
813 2.2972852
814 1.5392054
815 -0.43180211
816 4.3188314
817 3.3080583
818 -0.1917435
819 1.9182453
820 2.6636904
821 3.4849436
822 1.93088
823 4.36937
824 -0.0022235472
825 -0.22964749
826 1.1980695
827 1.2107041
828 -0.040127538
829 -0.43180211
830 4.3061967
831 1.779264
832 2.6636904
833 4.3441007
834 2.7900371
835 3.9271568
836 2.5120745
837 -0.76030336
838 -0.53287941
839 2.4489012
840 0.70531761
841 -0.040127538
842 4.2177541
843 -0.20437816
844 0.19993107
845 -0.24228215
846 3.5102129
847 2.3983625
848 2.3730932
849 2.0951306
850 0.94537621
851 2.9163837
852 2.5499785
853 -0.50761009
854 1.0717228
855 -0.11593552
856 3.8892528
857 0.12412309
858 2.3099199
859 -0.45707143
860 0.12412309
861 -0.38126345
862 2.6005171
863 2.9163837
864 3.4470396
865 -0.22964749
866 4.2809274
867 -0.45707143
868 2.0193226
869 0.94537621
870 -0.027492874
871 1.0464535
872 0.30100838
873 0.30100838
874 -0.065396865
875 -0.052762201
876 -0.10330086
877 0.073584434
878 -0.027492874
879 4.3820047
880 3.9018875
881 0.99591487
882 -0.79820735
883 -0.50761009
884 -0.40653278
885 -0.40653278
886 -0.40653278
887 -0.40653278
888 -0.41916744
889 -0.41916744
890 -0.41916744
891 -0.40653278
892 -0.40653278
893 -0.40653278
894 -0.41916744
895 -0.43180211
896 -0.43180211
897 -0.83611134
898 -0.1917435
899 -0.10330086
900 -0.090666192
901 0.035680443
902 2.3099199
903 1.2233388
904 -0.31809013
905 -0.30545547
906 -0.30545547
907 -0.30545547
908 -0.30545547
909 -0.34335946
910 -0.28018614
911 -0.35599412
912 -0.25491682
913 -0.25491682
914 -0.25491682
915 -0.25491682
916 -0.25491682
917 -0.25491682
918 -0.25491682
919 -0.25491682
920 -0.25491682
921 -0.25491682
922 -0.25491682
923 -0.25491682
924 -0.25491682
925 -0.28018614
926 -0.28018614
927 0.17466174
928 -0.040127538
929 3.4217703
930 -0.81084201
931 -0.54551408
932 -0.53287941
933 -0.53287941
934 -0.52024475
935 -0.52024475
936 -0.52024475
937 -0.52024475
938 -0.52024475
939 -0.52024475
940 -0.52024475
941 -0.52024475
942 -0.49497542
943 -0.40653278
944 -0.39389812
945 -0.39389812
946 -0.41916744
947 -0.40653278
948 -0.40653278
949 -0.40653278
950 -0.41916744
951 -0.40653278
952 -0.40653278
953 -0.41916744
954 -0.41916744
955 -0.41916744
956 -0.41916744
957 -0.40653278
958 -0.40653278
959 -0.40653278
960 -0.40653278
961 -0.73503403
962 -0.014858211
963 -0.1917435
964 -0.17910884
965 -0.74766869
966 -0.29282081
967 -0.29282081
968 -0.29282081
969 -0.29282081
970 -0.28018614
971 -0.28018614
972 -0.28018614
973 -0.26755148
974 -0.26755148
975 -0.26755148
976 -0.29282081
977 -0.1917435
978 -0.1917435
979 -0.16647417
980 -0.16647417
981 -0.14120485
982 -0.14120485
983 -0.14120485
984 -0.14120485
985 -0.16647417
986 -0.15383951
987 -0.15383951
988 -0.15383951
989 -0.15383951
990 -0.15383951
991 -0.15383951
992 -0.15383951
993 -0.11593552
994 -0.72239937
995 -0.7097647
996 -0.74766869
997 -0.68449538
998 -0.68449538
999 -0.72239937
1000 -0.7097647
1001 -0.7097647
1002 -0.72239937
1003 -0.72239937
1004 -0.72239937
1005 -0.72239937
1006 -0.72239937
1007 -0.72239937
1008 -0.72239937
1009 -0.76030336
1010 -0.72239937
1011 -0.79820735
1012 -0.79820735
1013 -0.79820735
1014 -0.79820735
1015 -0.79820735
1016 -0.79820735
1017 -0.78557268
1018 -0.78557268
1019 -0.78557268
1020 -0.78557268
1021 -0.78557268
1022 -0.78557268
1023 -0.78557268
1024 -0.78557268
1025 -0.78557268
1026 -0.81084201
1027 -0.82347667
1028 -0.82347667
1029 -0.82347667
1030 -0.82347667
1031 -0.82347667
1032 -0.82347667
1033 -0.82347667
1034 -0.81084201
1035 -0.12857018
1036 -0.052762201
1037 0.098853761
1038 0.098853761
1039 0.098853761
1040 0.098853761
1041 0.098853761
1042 0.098853761
1043 0.098853761
1044 -0.21701283
1045 -0.17910884
1046 -0.15383951
1047 -0.15383951
1048 -0.15383951
1049 0.010411116
1050 0.010411116
1051 0.02304578
1052 0.073584434
1053 0.073584434
1054 0.073584434
1055 0.073584434
1056 0.086219097
1057 0.086219097
1058 0.086219097
1059 0.086219097
1060 0.086219097
1061 0.086219097
1062 0.086219097
1063 0.086219097
1064 -0.848746
1065 -0.82347667
1066 -0.82347667
1067 -0.83611134
1068 -0.83611134
1069 -0.83611134
1070 -0.83611134
1071 -0.848746
1072 -0.68449538
1073 -0.65922605
1074 -0.58341807
1075 -0.58341807
1076 -0.58341807
1077 -0.58341807
1078 -0.5707834
1079 -0.5707834
1080 -0.5707834
1081 -0.4697061
1082 -0.4697061
1083 -0.4697061
1084 -0.39389812
1085 -0.11593552
1086 -0.090666192
1087 -0.090666192
1088 -0.090666192
1089 -0.090666192
1090 -0.090666192
1091 -0.090666192
1092 -0.090666192
1093 -0.14120485
1094 -0.83611134
1095 -0.43180211
1096 -0.43180211
1097 -0.40653278
1098 -0.35599412
1099 -0.34335946
1100 -0.34335946
1101 -0.31809013
1102 -0.26755148
1103 -0.10330086
1104 -0.090666192
1105 -0.090666192
1106 -0.090666192
1107 -0.090666192
1108 -0.090666192
1109 -0.090666192
1110 -0.078031528
1111 -0.1917435
1112 0.073584434
1113 0.28837371
1114 0.28837371
1115 -0.53287941
1116 -0.52024475
1117 -0.50761009
1118 -0.50761009
1119 -0.50761009
1120 -0.50761009
1121 -0.50761009
1122 -0.50761009
1123 -0.52024475
1124 -0.43180211
1125 -0.34335946
1126 -0.34335946
1127 -0.34335946
1128 -0.3307248
1129 -0.3307248
1130 -0.3307248
1131 -0.3307248
1132 -0.3307248
1133 -0.3307248
1134 -0.3307248
1135 -0.3307248
1136 -0.3307248
1137 -0.3307248
1138 -0.3307248
1139 -0.28018614
1140 -0.25491682
1141 -0.24228215
1142 -0.20437816
1143 -0.15383951
1144 -0.14120485
1145 -0.14120485
1146 0.035680443
1147 0.035680443
1148 0.048315107
1149 0.035680443
1150 0.073584434
1151 0.073584434
1152 0.073584434
1153 0.073584434
1154 0.073584434
1155 0.073584434
1156 0.073584434
1157 0.073584434
1158 0.073584434
1159 -0.76030336
1160 -0.74766869
1161 -0.74766869
1162 -0.74766869
1163 -0.74766869
1164 -0.74766869
1165 -0.74766869
1166 -0.74766869
1167 -0.76030336
1168 -0.76030336
1169 -0.76030336
1170 -0.79820735
1171 -0.11593552
1172 -0.014858211
1173 0.6042403
1174 0.6042403
1175 0.6042403
1176 0.6042403
1177 -0.82347667
1178 -0.68449538
1179 -0.68449538
1180 -0.68449538
1181 -0.67186071
1182 -0.65922605
1183 -0.65922605
1184 -0.65922605
1185 -0.65922605
1186 -0.65922605
1187 -0.65922605
1188 -0.62132206
1189 -0.63395672
1190 -0.63395672
1191 -0.63395672
1192 -0.62132206
1193 -0.62132206
1194 -0.63395672
1195 -0.63395672
1196 -0.63395672
1197 -0.63395672
1198 -0.63395672
1199 -0.28018614
1200 -0.59605273
1201 -0.50761009
1202 -0.31809013
1203 -0.3307248
1204 -0.3307248
1205 -0.3307248
1206 -0.3307248
1207 -0.3307248
1208 -0.31809013
1209 -0.30545547
1210 -0.30545547
1211 -0.31809013
1212 -0.17910884
1213 -0.16647417
1214 -0.16647417
1215 -0.15383951
1216 -0.78557268
1217 -0.027492874
1218 0.11148842
1219 0.14939241
1220 -0.78557268
1221 -0.69713004
1222 -0.7097647
1223 -0.67186071
1224 -0.68449538
1225 -0.68449538
1226 -0.68449538
1227 -0.67186071
1228 -0.67186071
1229 -0.67186071
1230 -0.11593552
1231 -0.12857018
1232 -0.11593552
1233 -0.078031528
1234 -0.078031528
1235 -0.078031528
1236 -0.45707143
1237 -0.40653278
1238 -0.40653278
1239 -0.40653278
1240 -0.39389812
1241 -0.39389812
1242 -0.39389812
1243 -0.31809013
1244 2.4109972
1245 0.048315107
1246 3.6491942
1247 3.4849436
1248 0.79376025
1249 -0.078031528
1250 -0.86138066
1251 3.244885
1252 4.255658
1253 1.5265707
1254 1.0590882
1255 4.2303887
1256 3.6365595
1257 3.0427304
1258 0.45262434
1259 0.27573905
1260 4.2809274
1261 -0.86138066
1262 -0.86138066
1263 3.4091356
1264 -0.87401533
1265 1.779264
1266 -0.090666192
1267 0.098853761
1268 0.37681636
1269 0.26310439
1270 2.3983625
1271 -0.16647417
1272 3.5607516
1273 4.3061967
1274 0.56633631
1275 4.0029648
1276 -0.078031528
1277 0.086219097
1278 -0.22964749
1279 -0.14120485
1280 -0.11593552
1281 -0.11593552
1282 -0.10330086
1283 -0.10330086
1284 -0.10330086
1285 -0.10330086
1286 -0.10330086
1287 -0.078031528
1288 -0.090666192
1289 -0.090666192
1290 -0.090666192
1291 -0.090666192
1292 -0.078031528
1293 -0.078031528
1294 -0.078031528
1295 -0.078031528
1296 -0.078031528
1297 -0.078031528
1298 -0.078031528
1299 -0.078031528
1300 0.16202708
1301 0.086219097
1302 0.086219097
1303 0.086219097
1304 0.086219097
1305 0.086219097
1306 0.086219097
1307 0.086219097
1308 0.086219097
1309 0.086219097
1310 0.086219097
1311 0.086219097
1312 0.086219097
1313 0.086219097
1314 0.086219097
1315 0.086219097
1316 0.086219097
1317 0.086219097
1318 0.086219097
1319 0.086219097
1320 0.086219097
1321 0.073584434
1322 -0.0022235472
1323 -0.72239937
1324 -0.63395672
1325 -0.64659139
1326 -0.59605273
1327 -0.59605273
1328 -0.58341807
1329 -0.58341807
1330 -0.58341807
1331 -0.58341807
1332 -0.58341807
1333 -0.58341807
1334 -0.54551408
1335 -0.3307248
1336 -0.29282081
1337 -0.29282081
1338 -0.30545547
1339 -0.30545547
1340 -0.29282081
1341 -0.29282081
1342 -0.29282081
1343 -0.29282081
1344 -0.28018614
1345 -0.29282081
1346 -0.25491682
1347 -0.30545547
1348 -0.29282081
1349 -0.29282081
1350 -0.29282081
1351 -0.29282081
1352 -0.28018614
1353 -0.28018614
1354 -0.28018614
1355 -0.28018614
1356 -0.28018614
1357 -0.28018614
1358 -0.28018614
1359 -0.28018614
1360 -0.28018614
1361 -0.28018614
1362 -0.30545547
1363 -0.30545547
1364 -0.29282081
1365 -0.28018614
1366 -0.26755148
1367 -0.26755148
1368 -0.25491682
1369 -0.25491682
1370 -0.25491682
1371 -0.25491682
1372 -0.26755148
1373 -0.26755148
1374 -0.26755148
1375 -0.25491682
1376 -0.25491682
1377 -0.25491682
1378 -0.25491682
1379 -0.25491682
1380 -0.28018614
1381 -0.82347667
1382 -0.82347667
1383 -0.58341807
1384 -0.59605273
1385 -0.87401533
1386 -0.87401533
1387 -0.87401533
1388 -0.87401533
1389 -0.87401533
1390 -0.10330086
1391 -0.10330086
1392 -0.10330086
1393 -0.10330086
1394 -0.10330086
1395 -0.10330086
1396 -0.10330086
1397 -0.10330086
1398 -0.11593552
1399 -0.10330086
1400 -0.10330086
1401 -0.10330086
1402 -0.20437816
1403 -0.1917435
1404 -0.1917435
1405 -0.1917435
1406 -0.1917435
1407 -0.1917435
1408 -0.1917435
1409 -0.24228215
1410 -0.28018614
1411 -0.26755148
1412 -0.26755148
1413 -0.26755148
1414 -0.26755148
1415 -0.26755148
1416 -0.26755148
1417 -0.26755148
1418 -0.26755148
1419 -0.26755148
1420 -0.26755148
1421 -0.26755148
1422 -0.25491682
1423 -0.25491682
1424 -0.26755148
1425 -0.26755148
1426 -0.16647417
1427 -0.15383951
1428 -0.15383951
1429 -0.15383951
1430 -0.15383951
1431 -0.15383951
1432 -0.15383951
1433 -0.17910884
1434 -0.16647417
1435 -0.73503403
1436 -0.73503403
1437 -0.73503403
1438 -0.73503403
1439 -0.73503403
1440 -0.73503403
1441 -0.81084201
1442 -0.65922605
1443 -0.65922605
1444 -0.65922605
1445 -0.65922605
1446 -0.62132206
1447 -0.62132206
1448 -0.62132206
1449 -0.62132206
1450 -0.62132206
1451 -0.62132206
1452 -0.60868739
1453 -0.60868739
1454 -0.43180211
1455 -0.82347667
1456 -0.82347667
1457 -0.43180211
1458 -0.43180211
1459 -0.43180211
1460 -0.43180211
1461 -0.43180211
1462 -0.43180211
1463 -0.43180211
1464 -0.15383951
1465 -0.1917435
1466 -0.1917435
1467 -0.1917435
1468 -0.17910884
1469 -0.17910884
1470 -0.17910884
1471 -0.1917435
1472 -0.20437816
1473 -0.17910884
1474 -0.17910884
1475 -0.17910884
1476 -0.17910884
1477 -0.17910884
1478 -0.17910884
1479 -0.17910884
1480 -0.16647417
1481 -0.052762201
1482 -0.12857018
1483 -0.14120485
1484 -0.14120485
1485 -0.14120485
1486 -0.14120485
1487 -0.14120485
1488 -0.15383951
1489 -0.14120485
1490 -0.078031528
1491 -0.87401533
1492 -0.17910884
1493 -0.090666192
1494 -0.065396865
1495 -0.065396865
1496 -0.065396865
1497 -0.065396865
1498 -0.065396865
1499 -0.065396865
1500 -0.090666192
1501 -0.090666192
1502 -0.090666192
1503 -0.090666192
1504 -0.090666192
1505 -0.078031528
1506 -0.078031528
1507 -0.078031528
1508 -0.078031528
1509 -0.11593552
1510 -0.26755148
1511 -0.22964749
1512 0.02304578
1513 0.035680443
1514 0.035680443
1515 0.035680443
1516 0.035680443
1517 0.035680443
1518 0.035680443
1519 -0.040127538
1520 -0.16647417
1521 -0.16647417
1522 -0.16647417
1523 -0.15383951
1524 -0.15383951
1525 -0.15383951
1526 -0.1917435
1527 -0.14120485
1528 -0.14120485
1529 -0.12857018
1530 -0.12857018
1531 -0.12857018
1532 -0.12857018
1533 -0.10330086
1534 -0.11593552
1535 -0.11593552
1536 -0.11593552
1537 -0.11593552
1538 -0.10330086
1539 -0.83611134
1540 -0.1917435
1541 -0.1917435
1542 -0.1917435
1543 -0.17910884
1544 -0.17910884
1545 -0.17910884
1546 -0.17910884
1547 -0.17910884
1548 -0.17910884
1549 -0.17910884
1550 -0.20437816
1551 -0.83611134
1552 -0.040127538
1553 -0.027492874
1554 0.02304578
1555 0.086219097
1556 0.086219097
1557 0.086219097
1558 0.086219097
1559 0.11148842
1560 0.12412309
1561 0.12412309
1562 0.21256573
1563 0.21256573
1564 0.26310439
1565 0.25046972
1566 0.37681636
1567 -0.24228215
1568 -0.29282081
1569 -0.3307248
1570 -0.31809013
1571 -0.16647417
1572 -0.16647417
1573 0.18729641
1574 0.19993107
1575 0.010411116
1576 0.14939241
1577 -0.20437816
1578 0.048315107
1579 0.048315107
1580 -0.040127538
1581 0.098853761
1582 0.098853761
1583 0.098853761
1584 0.11148842
1585 0.11148842
1586 0.11148842
1587 0.26310439
1588 0.073584434
1589 0.073584434
1590 0.073584434
1591 0.06094977
1592 -0.11593552
1593 -0.12857018
1594 -0.12857018
1595 -0.12857018
1596 -0.11593552
1597 -0.11593552
1598 -0.11593552
1599 -0.10330086
1600 -0.10330086
1601 0.12412309
1602 0.086219097
1603 -0.14120485
1604 -0.027492874
1605 0.010411116
1606 0.010411116
1607 0.02304578
1608 0.02304578
1609 0.16202708
1610 0.098853761
1611 0.098853761
1612 0.098853761
1613 0.17466174
1614 0.14939241
1615 0.16202708
1616 0.17466174
1617 0.14939241
1618 0.16202708
1619 0.16202708
1620 -0.81084201
1621 -0.0022235472
1622 -0.0022235472
1623 -0.0022235472
1624 -0.0022235472
1625 -0.0022235472
1626 2.8279411
1627 -0.17910884
1628 0.42735501
1629 0.43998968
1630 0.50316299
1631 0.02304578
1632 2.7900371
1633 -0.4697061
1634 -0.89928466
1635 1.1601655
1636 3.244885
1637 -0.15383951
1638 -0.11593552
1639 -0.11593552
1640 -0.10330086
1641 0.06094977
1642 0.073584434
1643 0.25046972
1644 0.073584434
1645 3.5228476
1646 -0.14120485
1647 4.3061967
1648 -0.7097647
1649 -0.21701283
1650 -0.065396865
1651 1.0464535
1652 1.3370508
1653 4.293562
1654 2.0193226
1655 2.0572266
1656 2.0319573
1657 1.9435146
1658 -0.14120485
1659 0.56633631
1660 2.4109972
1661 2.5373438
1662 0.18729641
1663 3.6365595
1664 1.6402827
1665 0.52843232
1666 4.1040421
1667 3.5102129
1668 1.5518401
1669 0.23783506
1670 -0.014858211
1671 3.8008102
1672 4.0155994
1673 3.4470396
1674 2.979557
1675 -0.14120485
1676 3.6744635
1677 1.7918987
1678 1.9435146
1679 -0.67186071
1680 -0.65922605
1681 -0.48234076
1682 -0.48234076
1683 -0.4697061
1684 -0.4697061
1685 -0.44443677
1686 -0.44443677
1687 -0.44443677
1688 -0.078031528
1689 -0.040127538
1690 -0.052762201
1691 -0.065396865
1692 -0.0022235472
1693 -0.0022235472
1694 -0.078031528
1695 -0.052762201
1696 -0.31809013
1697 0.33891237
1698 1.6781867
1699 2.7268638
1700 3.1059037
1701 -0.26755148
1702 -0.87401533
1703 1.9561493
1704 0.3262777
1705 2.2972852
1706 -0.10330086
1707 1.2233388
1708 3.320693
1709 2.4994398
1710 3.8008102
1711 2.4109972
1712 2.0445919
1713 2.0066879
1714 2.7015944
1715 -0.0022235472
1716 2.3730932
1717 0.06094977
1718 3.9650608
1719 1.4760321
1720 2.4236318
1721 2.0951306
1722 2.3225545
1723 4.3567354
1724 4.36937
1725 -0.30545547
1726 4.255658
1727 -0.090666192
1728 4.2809274
1729 -0.12857018
1730 -0.0022235472
1731 4.1293114
1732 1.1854348
1733 1.1475308
1734 0.086219097
1735 -0.31809013
1736 -0.16647417
1737 -0.0022235472
1738 0.11148842
1739 2.6005171
1740 -0.1917435
1741 -0.848746
1742 0.048315107
1743 -0.11593552
1744 -0.11593552
1745 -0.11593552
1746 -0.81084201
1747 2.5120745
1748 0.26310439
1749 0.06094977
1750 0.073584434
1751 -0.052762201
1752 -0.040127538
1753 -0.090666192
1754 -0.10330086
1755 0.50316299
1756 -0.090666192
1757 -0.040127538
1758 -0.31809013
1759 -0.31809013
1760 -0.24228215
1761 -0.12857018
1762 -0.12857018
1763 -0.35599412
1764 -0.29282081
1765 -0.29282081
1766 2.6384211
1767 3.3838663
1768 2.9542877
1769 2.3478239
1770 0.17466174
1771 0.12412309
1772 -0.027492874
1773 -0.14120485
1774 -0.24228215
1775 -0.24228215
1776 -0.54551408
1777 -0.54551408
1778 -0.53287941
1779 -0.53287941
1780 -0.53287941
1781 -0.53287941
1782 -0.49497542
1783 -0.41916744
1784 -0.41916744
1785 -0.40653278
1786 -0.38126345
1787 -0.38126345
1788 -0.73503403
1789 -0.76030336
1790 -0.76030336
1791 -0.76030336
1792 -0.76030336
1793 -0.76030336
1794 -0.78557268
1795 -0.16647417
1796 -0.15383951
1797 -0.15383951
1798 -0.16647417
1799 0.035680443
1800 0.035680443
1801 0.02304578
1802 0.02304578
1803 0.035680443
1804 -0.91191932
1805 -0.30545547
1806 -0.26755148
1807 -0.26755148
1808 -0.26755148
1809 -0.25491682
1810 -0.25491682
1811 -0.25491682
1812 -0.25491682
1813 -0.25491682
1814 -0.25491682
1815 -0.26755148
1816 -0.1917435
1817 -0.1917435
1818 -0.1917435
1819 -0.17910884
1820 -0.15383951
1821 -0.14120485
1822 -0.15383951
1823 -0.15383951
1824 -0.15383951
1825 -0.15383951
1826 -0.15383951
1827 -0.15383951
1828 -0.15383951
1829 -0.14120485
1830 -0.15383951
1831 -0.15383951
1832 -0.14120485
1833 -0.14120485
1834 -0.12857018
1835 -0.12857018
1836 -0.86138066
1837 -0.64659139
1838 -0.64659139
1839 -0.64659139
1840 -0.64659139
1841 -0.64659139
1842 -0.63395672
1843 -0.63395672
1844 -0.63395672
1845 -0.63395672
1846 -0.60868739
1847 -0.60868739
1848 -0.60868739
1849 -0.60868739
1850 -0.60868739
1851 -0.59605273
1852 -0.59605273
1853 -0.59605273
1854 -0.38126345
1855 -0.38126345
1856 -0.38126345
1857 -0.38126345
1858 -0.36862879
1859 -0.36862879
1860 -0.36862879
1861 -0.35599412
1862 -0.35599412
1863 -0.35599412
1864 -0.35599412
1865 -0.26755148
1866 -0.16647417
1867 -0.052762201
1868 -0.040127538
1869 -0.040127538
1870 -0.040127538
1871 -0.027492874
1872 0.010411116
1873 -0.88664999
1874 -0.72239937
1875 -0.72239937
1876 -0.68449538
1877 -0.68449538
1878 -0.68449538
1879 -0.67186071
1880 -0.67186071
1881 -0.67186071
1882 -0.65922605
1883 -0.65922605
1884 -0.65922605
1885 -0.65922605
1886 -0.81084201
1887 -0.81084201
1888 -0.81084201
1889 -0.79820735
1890 -0.79820735
1891 -0.81084201
1892 -0.81084201
1893 -0.81084201
1894 -0.81084201
1895 -0.83611134
1896 -0.79820735
1897 -0.79820735
1898 -0.82347667
1899 -0.82347667
1900 -0.82347667
1901 -0.82347667
1902 -0.82347667
1903 -0.81084201
1904 -0.82347667
1905 -0.82347667
1906 -0.82347667
1907 -0.82347667
1908 -0.82347667
1909 -0.82347667
1910 -0.88664999
1911 -0.79820735
1912 -0.79820735
1913 -0.79820735
1914 -0.79820735
1915 -0.77293802
1916 -0.78557268
1917 -0.78557268
1918 -0.78557268
1919 -0.78557268
1920 -0.78557268
1921 -0.78557268
1922 -0.848746
1923 -0.82347667
1924 -0.83611134
1925 -0.83611134
1926 -0.83611134
1927 -0.83611134
1928 -0.83611134
1929 -0.848746
1930 -0.81084201
1931 -0.81084201
1932 -0.81084201
1933 -0.81084201
1934 -0.81084201
1935 -0.81084201
1936 -0.81084201
1937 -0.81084201
1938 -0.81084201
1939 -0.81084201
1940 -0.39389812
1941 -0.26755148
1942 -0.078031528
1943 -0.79820735
1944 -0.81084201
1945 -0.81084201
1946 -0.79820735
1947 -0.79820735
1948 -0.79820735
1949 -0.79820735
1950 -0.79820735
1951 -0.79820735
1952 -0.79820735
1953 -0.81084201
1954 -0.81084201
1955 -0.81084201
1956 -0.81084201
1957 -0.79820735
1958 -0.83611134
1959 -0.81084201
1960 -0.81084201
1961 -0.81084201
1962 -0.81084201
1963 -0.81084201
1964 -0.81084201
1965 -0.81084201
1966 -0.81084201
1967 -0.81084201
1968 -0.21701283
1969 -0.69713004
1970 -0.1917435
1971 -0.1917435
1972 -0.16647417
1973 -0.64659139
1974 -0.50761009
1975 -0.50761009
1976 -0.21701283
1977 -0.21701283
1978 -0.21701283
1979 -0.21701283
1980 -0.21701283
1981 -0.22964749
1982 -0.16647417
1983 -0.16647417
1984 -0.12857018
1985 -0.3307248
1986 -0.35599412
1987 -0.29282081
1988 -0.29282081
1989 -0.21701283
1990 -0.21701283
1991 -0.20437816
1992 -0.20437816
1993 -0.1917435
1994 -0.1917435
1995 -0.1917435
1996 -0.1917435
1997 -0.1917435
1998 -0.17910884
1999 -0.17910884
2000 -0.17910884
2001 -0.090666192
2002 -0.50761009
2003 0.27573905
2004 0.23783506
2005 0.70531761
2006 -0.12857018
2007 -0.10330086
2008 0.17466174
2009 1.5392054
2010 -0.15383951
2011 0.048315107
2012 -0.21701283
2013 -0.21701283
2014 -0.21701283
2015 -0.20437816
2016 -0.21701283
2017 -0.20437816
2018 -0.10330086
2019 0.25046972
2020 0.45262434
2021 0.11148842
2022 0.11148842
2023 -0.10330086
2024 3.3838663
2025 0.13675775
2026 1.1728002
2027 0.42735501
2028 -0.24228215
2029 -0.1917435
2030 -0.17910884
2031 0.010411116
2032 0.010411116
2033 -0.014858211
2034 -0.0022235472
2035 -0.0022235472
2036 -0.0022235472
2037 -0.0022235472
2038 -0.0022235472
2039 -0.0022235472
2040 -0.0022235472
2041 -0.0022235472
2042 -0.0022235472
2043 -0.0022235472
2044 -0.0022235472
2045 0.010411116
2046 -0.0022235472
2047 -0.0022235472
2048 0.010411116
2049 0.010411116
2050 -0.0022235472
2051 -0.0022235472
2052 -0.86138066
2053 -0.4697061
2054 -0.4697061
2055 -0.68449538
2056 -0.72239937
2057 -0.72239937
2058 -0.72239937
2059 -0.72239937
2060 -0.25491682
2061 -0.40653278
2062 -0.39389812
2063 -0.40653278
2064 -0.40653278
2065 -0.39389812
2066 -0.39389812
2067 -0.39389812
2068 -0.39389812
2069 -0.39389812
2070 -0.39389812
2071 -0.39389812
2072 -0.39389812
2073 -0.39389812
2074 -0.7097647
2075 -0.67186071
2076 -0.69713004
2077 -0.81084201
2078 -0.35599412
2079 -0.30545547
2080 -0.28018614
2081 -0.29282081
2082 -0.29282081
2083 -0.28018614
2084 -0.28018614
2085 -0.28018614
2086 -0.28018614
2087 -0.3307248
2088 -0.22964749
2089 -0.16647417
2090 -0.16647417
2091 -0.16647417
2092 -0.16647417
2093 -0.16647417
2094 -0.16647417
2095 -0.16647417
2096 -0.16647417
2097 -0.16647417
2098 -0.16647417
2099 -0.15383951
2100 -0.15383951
2101 -0.15383951
2102 -0.16647417
2103 -0.12857018
2104 -0.12857018
2105 -0.12857018
2106 -0.12857018
2107 -0.12857018
2108 -0.12857018
2109 -0.63395672
2110 -0.12857018
2111 -0.065396865
2112 -0.052762201
2113 -0.052762201
2114 -0.052762201
2115 -0.052762201
2116 -0.052762201
2117 -0.065396865
2118 -0.065396865
2119 -0.065396865
2120 -0.040127538
2121 -0.052762201
2122 -0.040127538
2123 -0.040127538
2124 -0.027492874
2125 -0.26755148
2126 -0.36862879
2127 -0.21701283
2128 -0.17910884
2129 -0.17910884
2130 -0.16647417
2131 -0.16647417
2132 -0.16647417
2133 -0.16647417
2134 -0.16647417
2135 -0.16647417
2136 -0.15383951
2137 -0.59605273
2138 -0.58341807
2139 -0.54551408
2140 -0.53287941
2141 -0.52024475
2142 -0.52024475
2143 -0.52024475
2144 -0.17910884
2145 -0.17910884
2146 -0.20437816
2147 -0.16647417
2148 -0.1917435
2149 -0.1917435
2150 -0.14120485
2151 -0.14120485
2152 -0.12857018
2153 -0.12857018
2154 -0.12857018
2155 -0.12857018
2156 -0.15383951
2157 -0.15383951
2158 -0.76030336
2159 -0.68449538
2160 -0.17910884
2161 -0.15383951
2162 -0.15383951
2163 -0.15383951
2164 -0.14120485
2165 -0.14120485
2166 0.26310439
2167 -0.25491682
2168 -0.21701283
2169 -0.22964749
2170 -0.93718865
2171 -0.11593552
2172 -0.11593552
2173 -0.11593552
2174 -0.11593552
2175 -0.29282081
2176 -0.16647417
2177 -0.12857018
2178 -0.12857018
2179 -0.12857018
2180 -0.11593552
2181 -0.10330086
2182 -0.10330086
2183 -0.10330086
2184 -0.10330086
2185 -0.10330086
2186 -0.10330086
2187 -0.20437816
2188 -0.14120485
2189 -0.12857018
2190 -0.12857018
2191 -0.12857018
2192 -0.12857018
2193 -0.12857018
2194 -0.12857018
2195 -0.10330086
2196 -0.10330086
2197 -0.11593552
2198 -0.014858211
2199 -0.027492874
2200 -0.014858211
2201 -0.014858211
2202 -0.078031528
2203 -0.065396865
2204 -0.68449538
2205 -0.12857018
2206 0.06094977
2207 0.06094977
2208 0.073584434
2209 0.06094977
2210 0.06094977
2211 0.06094977
2212 0.06094977
2213 0.06094977
2214 0.073584434
2215 0.073584434
2216 0.073584434
2217 0.06094977
2218 0.06094977
2219 0.06094977
2220 0.06094977
2221 0.06094977
2222 0.048315107
2223 0.048315107
2224 -0.0022235472
2225 -0.0022235472
2226 0.010411116
2227 0.010411116
2228 -0.29282081
2229 -0.7097647
2230 -0.39389812
2231 -0.36862879
2232 -0.36862879
2233 -0.090666192
2234 -0.090666192
2235 -0.090666192
2236 -0.078031528
2237 -0.090666192
2238 -0.090666192
2239 -0.090666192
2240 -0.090666192
2241 -0.10330086
2242 -0.10330086
2243 -0.10330086
2244 -0.81084201
2245 -0.1917435
2246 -0.1917435
2247 -0.1917435
2248 -0.1917435
2249 -0.21701283
2250 -0.24228215
2251 -0.17910884
2252 -0.027492874
2253 -0.027492874
2254 -0.027492874
2255 -0.027492874
2256 -0.027492874
2257 -0.027492874
2258 -0.027492874
2259 1.9814186
2260 -0.10330086
2261 -0.014858211
2262 -0.090666192
2263 0.073584434
2264 0.073584434
2265 1.968784
2266 -0.1917435
2267 -0.11593552
2268 -0.014858211
2269 -0.014858211
2270 2.0445919
2271 0.50316299
2272 0.36418169
2273 0.37681636
2274 0.37681636
2275 0.23783506
2276 0.41472035
2277 0.13675775
2278 0.13675775
2279 -0.94982331
2280 0.85693357
2281 -0.92455398
2282 0.42735501
2283 0.65477895
2284 0.65477895
2285 0.66741362
2286 0.69268294
2287 3.017461
2288 0.78112559
2289 0.78112559
2290 0.80639492
2291 -0.040127538
2292 -0.11593552
2293 0.57897097
2294 0.73058694
2295 0.78112559
2296 1.9056106
2297 1.968784
2298 1.9814186
2299 -0.1917435
2300 1.0590882
2301 2.4868052
2302 -0.64659139
2303 0.21256573
2304 0.19993107
2305 0.19993107
2306 0.19993107
2307 0.2252004
2308 0.23783506
2309 0.25046972
2310 0.37681636
2311 0.57897097
2312 -0.12857018
2313 0.035680443
2314 0.048315107
2315 0.035680443
2316 0.035680443
2317 0.086219097
2318 0.073584434
2319 -0.74766869
2320 -0.25491682
2321 -0.065396865
2322 -0.065396865
2323 -0.078031528
2324 -0.078031528
2325 0.28837371
2326 0.28837371
2327 -0.1917435
2328 -0.1917435
2329 -0.1917435
2330 -0.1917435
2331 -0.1917435
2332 -0.21701283
2333 -0.20437816
2334 -0.20437816
2335 -0.20437816
2336 -0.52024475
2337 -0.40653278
2338 -0.40653278
2339 -0.40653278
2340 -0.25491682
2341 -0.24228215
2342 -0.24228215
2343 -0.24228215
2344 -0.24228215
2345 -0.25491682
2346 -0.25491682
2347 -0.090666192
2348 -0.16647417
2349 -0.26755148
2350 0.2252004
2351 0.37681636
2352 0.37681636
2353 0.38945102
2354 0.38945102
2355 0.38945102
2356 0.38945102
2357 0.38945102
2358 0.098853761
2359 0.13675775
2360 0.13675775
2361 0.16202708
2362 0.13675775
2363 0.13675775
2364 0.13675775
2365 0.42735501
2366 0.18729641
2367 0.26310439
2368 0.27573905
2369 0.26310439
2370 0.26310439
2371 0.18729641
2372 -0.91191932
2373 -0.1917435
2374 0.65477895
2375 -0.94982331
2376 -0.078031528
2377 -0.11593552
2378 -0.11593552
2379 -0.090666192
2380 -0.014858211
2381 0.06094977
2382 0.06094977
2383 0.086219097
2384 0.35154703
2385 0.33891237
2386 0.33891237
2387 0.33891237
2388 0.33891237
2389 0.33891237
2390 0.33891237
2391 0.33891237
2392 0.33891237
2393 0.35154703
2394 0.33891237
2395 0.19993107
2396 -0.24228215
2397 -0.052762201
2398 -0.027492874
2399 -0.040127538
2400 -0.040127538
2401 -0.040127538
2402 -0.052762201
2403 -0.052762201
2404 -0.040127538
2405 -0.040127538
2406 -0.052762201
2407 -0.15383951
2408 1.7160907
2409 0.098853761
2410 3.7629062
2411 1.2107041
2412 2.2467466
2413 2.2593812
2414 2.2593812
2415 3.6870982
2416 2.4362665
2417 4.0282341
2418 4.2809274
2419 0.035680443
2420 0.02304578
2421 0.11148842
2422 0.086219097
2423 0.13675775
2424 0.13675775
2425 0.14939241
2426 0.30100838
2427 0.54106698
2428 0.52843232
2429 0.89483756
2430 -0.052762201
2431 0.13675775
2432 0.40208568
2433 -0.14120485
2434 1.0211842
2435 3.9145221
2436 1.7666293
2437 -0.77293802
2438 4.3567354
2439 4.2682927
2440 3.2196156
2441 -0.78557268
2442 3.9650608
2443 -0.10330086
2444 0.073584434
2445 0.086219097
2446 -0.027492874
2447 0.59160564
2448 2.1835732
2449 -0.96245797
2450 0.31364304
2451 0.43998968
2452 1.7539947
2453 4.3820047
2454 0.06094977
2455 2.5626131
2456 0.38945102
2457 3.8892528
2458 1.4760321
2459 -0.25491682
2460 -0.77293802
2461 -0.848746
2462 2.1203999
2463 0.89483756
2464 0.010411116
2465 4.3441007
2466 4.3061967
2467 2.6384211
2468 4.2809274
2469 0.83166424
2470 1.0085495
2471 -0.34335946
2472 3.4470396
2473 4.1419461
2474 0.035680443
2475 -0.12857018
2476 1.2233388
2477 2.6005171
2478 1.1854348
2479 0.010411116
2480 -0.040127538
2481 -0.88664999
2482 -0.91191932
2483 1.5139361
2484 1.1222615
2485 4.36937
2486 3.7250022
2487 2.5247092
2488 3.9271568
2489 0.035680443
2490 2.6510558
2491 2.9921917
2492 0.21256573
2493 1.5771094
2494 0.49052833
2495 -0.17910884
2496 -0.14120485
2497 -0.31809013
2498 0.62950963
2499 0.61687496
2500 1.7160907
2501 -0.040127538
2502 -0.39389812
2503 2.9037491
2504 1.9814186
2505 2.3983625
2506 0.61687496
2507 3.8008102
2508 2.0066879
2509 1.9435146
2510 3.093269
2511 0.69268294
2512 2.8405757
2513 0.47789367
2514 0.14939241
2515 2.3099199
2516 2.0445919
2517 0.23783506
2518 1.0590882
2519 0.2252004
2520 2.4868052
2521 0.49052833
2522 0.45262434
2523 0.21256573
2524 0.16202708
2525 0.06094977
2526 -0.28018614
2527 -0.26755148
2528 -0.1917435
2529 -0.17910884
2530 -0.1917435
2531 -0.065396865
2532 -0.065396865
2533 -0.065396865
2534 -0.0022235472
2535 -0.36862879
2536 -0.36862879
2537 -0.35599412
2538 0.16202708
2539 4.255658
2540 3.206981
2541 -0.0022235472
2542 -0.014858211
2543 -0.040127538
2544 -0.040127538
2545 -0.052762201
2546 -0.065396865
2547 -0.065396865
2548 -0.065396865
2549 -0.065396865
2550 -0.14120485
2551 2.5373438
2552 1.703456
2553 -0.64659139
2554 -0.59605273
2555 -0.49497542
2556 -0.48234076
2557 -0.49497542
2558 -0.48234076
2559 -0.48234076
2560 -0.48234076
2561 -0.49497542
2562 -0.49497542
2563 -0.49497542
2564 -0.49497542
2565 -0.49497542
2566 -0.49497542
2567 -0.49497542
2568 -0.49497542
2569 -0.58341807
2570 -0.20437816
2571 -0.21701283
2572 -0.1917435
2573 -0.1917435
2574 -0.16647417
2575 -0.15383951
2576 -0.14120485
2577 -0.14120485
2578 -0.14120485
2579 -0.14120485
2580 -0.12857018
2581 -0.12857018
2582 -0.11593552
2583 -0.11593552
2584 0.57897097
2585 -0.86138066
2586 -0.74766869
2587 -0.87401533
2588 -0.79820735
2589 -0.79820735
2590 -0.78557268
2591 -0.78557268
2592 -0.78557268
2593 -0.78557268
2594 -0.78557268
2595 -0.78557268
2596 -0.78557268
2597 -0.78557268
2598 -0.78557268
2599 -0.79820735
2600 -0.79820735
2601 -0.79820735
2602 -0.79820735
2603 -0.78557268
2604 -0.78557268
2605 -0.78557268
2606 -0.94982331
2607 -0.82347667
2608 -0.82347667
2609 -0.82347667
2610 -0.82347667
2611 -0.82347667
2612 -0.83611134
2613 -0.83611134
2614 -0.83611134
2615 -0.83611134
2616 -0.83611134
2617 -0.83611134
2618 -0.83611134
2619 -0.83611134
2620 -0.87401533
2621 -0.87401533
2622 -0.87401533
2623 -0.87401533
2624 -0.97509264
2625 -0.91191932
2626 -0.91191932
2627 -0.91191932
2628 -0.91191932
2629 -0.91191932
2630 -0.91191932
2631 -0.91191932
2632 -0.91191932
2633 -0.91191932
2634 -0.91191932
2635 -0.91191932
2636 -0.91191932
2637 -0.91191932
2638 -0.91191932
2639 -0.91191932
2640 -0.89928466
2641 -0.89928466
2642 -0.89928466
2643 -0.89928466
2644 -0.92455398
2645 -0.92455398
2646 -0.97509264
2647 -0.91191932
2648 -0.91191932
2649 -0.91191932
2650 -0.91191932
2651 -0.91191932
2652 -0.91191932
2653 -0.91191932
2654 -0.91191932
2655 -0.91191932
2656 -0.91191932
2657 -0.91191932
2658 -0.91191932
2659 -0.83611134
2660 -0.88664999
2661 -0.89928466
2662 -0.91191932
2663 -0.91191932
2664 -0.89928466
2665 -0.89928466
2666 -0.89928466
2667 -0.89928466
2668 -0.89928466
2669 -0.91191932
2670 -0.91191932
2671 -0.89928466
2672 -0.89928466
2673 -0.89928466
2674 -0.89928466
2675 -0.91191932
2676 -0.91191932
2677 -0.91191932
2678 -0.91191932
2679 -0.89928466
2680 -0.89928466
2681 -0.89928466
2682 -0.89928466
2683 -0.89928466
2684 -0.89928466
2685 -0.89928466
2686 -0.89928466
2687 -0.94982331
2688 -0.91191932
2689 -0.91191932
2690 -0.91191932
2691 -0.91191932
2692 -0.89928466
2693 -0.86138066
2694 -0.88664999
2695 -0.89928466
2696 -0.89928466
2697 -0.89928466
2698 -0.89928466
2699 -0.89928466
2700 -0.89928466
2701 -0.89928466
2702 -0.89928466
2703 -0.89928466
2704 -0.89928466
2705 -0.89928466
2706 -0.89928466
2707 -0.89928466
2708 -0.89928466
2709 -0.89928466
2710 -0.89928466
2711 -0.89928466
2712 -0.89928466
2713 -0.89928466
2714 -0.89928466
2715 -0.89928466
2716 -0.89928466
2717 -0.027492874
2718 -0.77293802
2719 -0.77293802
2720 -0.77293802
2721 -0.77293802
2722 -0.76030336
2723 -0.81084201
2724 -0.78557268
2725 -0.86138066
2726 -0.87401533
2727 -0.86138066
2728 -0.87401533
2729 -0.87401533
2730 -0.87401533
2731 -0.87401533
2732 -0.87401533
2733 -0.87401533
2734 -0.87401533
2735 -0.87401533
2736 -0.87401533
2737 -0.87401533
2738 -0.88664999
2739 -0.87401533
2740 -0.87401533
2741 -0.87401533
2742 -0.87401533
2743 -0.87401533
2744 -0.87401533
2745 -0.87401533
2746 -0.87401533
2747 -0.87401533
2748 -0.87401533
2749 -0.87401533
2750 -0.87401533
2751 -0.82347667
2752 -0.88664999
2753 -0.87401533
2754 -0.92455398
2755 -0.89928466
2756 -0.89928466
2757 -0.89928466
2758 -0.88664999
2759 -0.86138066
2760 -0.86138066
2761 -0.86138066
2762 -0.86138066
2763 -0.87401533
2764 -0.86138066
2765 -0.86138066
2766 -0.86138066
2767 -0.86138066
2768 -0.87401533
2769 -0.87401533
2770 -0.87401533
2771 -0.22964749
2772 -0.1917435
2773 -0.17910884
2774 1.3244161
2775 -0.17910884
2776 0.26310439
2777 0.36418169
2778 0.36418169
2779 -0.20437816
2780 -0.20437816
2781 -0.1917435
2782 -0.1917435
2783 -0.1917435
2784 -0.1917435
2785 -0.1917435
2786 -0.1917435
2787 -0.91191932
2788 -0.72239937
2789 -0.040127538
2790 0.035680443
2791 0.035680443
2792 0.098853761
2793 0.098853761
2794 0.59160564
2795 1.2612428
2796 1.2612428
2797 -0.12857018
2798 -0.12857018
2799 -0.12857018
2800 -0.12857018
2801 0.16202708
2802 0.54106698
2803 0.55370165
2804 0.19993107
2805 0.21256573
2806 0.21256573
2807 0.21256573
2808 0.21256573
2809 0.21256573
2810 0.21256573
2811 0.21256573
2812 0.26310439
2813 0.14939241
2814 0.16202708
2815 -0.76030336
2816 -0.67186071
2817 -0.67186071
2818 -0.67186071
2819 -0.67186071
2820 -0.67186071
2821 -0.4697061
2822 -0.4697061
2823 -0.29282081
2824 -0.14120485
2825 -0.12857018
2826 -0.12857018
2827 -0.12857018
2828 -0.12857018
2829 -0.14120485
2830 0.11148842
2831 -0.55814874
2832 -0.55814874
2833 0.16202708
2834 0.16202708
2835 0.16202708
2836 -0.31809013
2837 -0.29282081
2838 -0.29282081
2839 -0.29282081
2840 -0.29282081
2841 -0.28018614
2842 -0.1917435
2843 0.02304578
2844 1.6908214
2845 -0.31809013
2846 -0.31809013
2847 -0.31809013
2848 -0.39389812
2849 -0.39389812
2850 -0.38126345
2851 -0.38126345
2852 0.02304578
2853 2.2341119
2854 0.17466174
2855 -0.065396865
2856 -0.14120485
2857 0.40208568
2858 -0.9877273
2859 0.70531761
2860 1.4128588
2861 1.703456
2862 0.51579766
2863 3.6491942
2864 0.21256573
2865 -0.67186071
2866 1.779264
2867 -0.89928466
2868 -0.12857018
2869 -0.052762201
2870 0.010411116
2871 0.010411116
2872 0.010411116
2873 0.010411116
2874 0.010411116
2875 0.010411116
2876 0.02304578
2877 0.02304578
2878 0.02304578
2879 0.02304578
2880 0.02304578
2881 0.010411116
2882 0.02304578
2883 0.02304578
2884 0.02304578
2885 0.02304578
2886 0.02304578
2887 0.02304578
2888 0.010411116
2889 0.010411116
2890 0.010411116
2891 0.010411116
2892 0.010411116
2893 -0.0022235472
2894 0.010411116
2895 0.010411116
2896 0.010411116
2897 0.010411116
2898 0.010411116
2899 0.010411116
2900 0.010411116
2901 0.010411116
2902 0.010411116
2903 0.21256573
2904 0.19993107
2905 0.12412309
2906 0.12412309
2907 0.13675775
2908 0.13675775
2909 0.13675775
2910 0.17466174
2911 0.17466174
2912 0.17466174
2913 0.17466174
2914 0.17466174
2915 0.17466174
2916 0.16202708
2917 0.16202708
2918 0.17466174
2919 0.17466174
2920 0.17466174
2921 0.17466174
2922 0.06094977
2923 -0.090666192
2924 -0.91191932
2925 -0.69713004
2926 -0.52024475
2927 -0.52024475
2928 -0.52024475
2929 -0.50761009
2930 -0.49497542
2931 -0.82347667
2932 -0.82347667
2933 -0.82347667
2934 -0.83611134
2935 -0.83611134
2936 -0.83611134
2937 -0.83611134
2938 -0.83611134
2939 -0.83611134
2940 -0.83611134
2941 -0.83611134
2942 -0.83611134
2943 -0.89928466
2944 -0.88664999
2945 -0.87401533
2946 -0.87401533
2947 -0.87401533
2948 -0.87401533
2949 -0.87401533
2950 -0.87401533
2951 -0.86138066
2952 -0.87401533
2953 -0.87401533
2954 -0.86138066
2955 -0.86138066
2956 -0.86138066
2957 -0.86138066
2958 -0.86138066
2959 -0.86138066
2960 -0.87401533
2961 -0.86138066
2962 -0.86138066
2963 -0.86138066
2964 -1.000362
2965 -0.88664999
2966 -0.92455398
2967 -0.92455398
2968 -0.94982331
2969 -0.96245797
2970 -0.96245797
2971 -0.96245797
2972 -0.96245797
2973 -0.96245797
2974 -0.96245797
2975 -1.0256313
2976 -0.40653278
2977 -0.26755148
2978 -0.48234076
2979 -0.40653278
2980 -0.24228215
2981 -0.24228215
2982 -0.24228215
2983 -0.24228215
2984 -0.24228215
2985 -0.24228215
2986 -0.64659139
2987 -0.5707834
2988 -0.58341807
2989 -0.5707834
2990 -0.5707834
2991 -0.5707834
2992 -0.5707834
2993 -0.5707834
2994 -0.5707834
2995 -0.59605273
2996 -0.59605273
2997 -0.59605273
2998 -0.55814874
2999 -0.83611134
3000 -0.83611134
3001 -0.82347667
3002 -0.82347667
3003 -0.82347667
3004 -0.82347667
3005 -0.81084201
3006 -0.82347667
3007 -0.82347667
3008 -0.81084201
3009 -0.97509264
3010 -1.000362
3011 -1.000362
3012 -1.000362
3013 -1.000362
3014 -1.0129966
3015 -1.0129966
3016 -1.0129966
3017 -1.0129966
3018 -1.000362
3019 -1.000362
3020 -1.0129966
3021 -1.000362
3022 -0.96245797
3023 -0.89928466
3024 -0.848746
3025 -0.848746
3026 -0.848746
3027 -0.848746
3028 -0.848746
3029 -0.848746
3030 -0.848746
3031 -0.848746
3032 -0.848746
3033 -0.848746
3034 -0.848746
3035 -0.86138066
3036 -0.87401533
3037 -0.86138066
3038 -0.86138066
3039 -0.86138066
3040 -0.86138066
3041 -0.74766869
3042 -0.74766869
3043 -0.73503403
3044 -0.73503403
3045 -0.73503403
3046 -0.73503403
3047 -0.73503403
3048 -0.72239937
3049 -0.72239937
3050 -0.72239937
3051 -0.72239937
3052 -0.72239937
3053 -0.72239937
3054 -0.72239937
3055 -0.88664999
3056 -0.78557268
3057 -0.77293802
3058 -0.77293802
3059 -0.77293802
3060 -0.77293802
3061 -0.77293802
3062 -0.76030336
3063 -0.9877273
3064 -1.000362
3065 -0.9877273
3066 -1.000362
3067 -0.96245797
3068 -0.96245797
3069 -0.96245797
3070 -0.96245797
3071 -0.96245797
3072 -1.0129966
3073 -1.0129966
3074 -1.000362
3075 -1.0129966
3076 -1.000362
3077 -0.3307248
3078 -0.63395672
3079 -0.17910884
3080 0.11148842
3081 -0.52024475
3082 -0.40653278
3083 -0.34335946
3084 -0.3307248
3085 -0.26755148
3086 -0.21701283
3087 -0.21701283
3088 -0.052762201
3089 -0.027492874
3090 -0.0022235472
3091 0.25046972
3092 0.36418169
3093 0.76849093
3094 -0.11593552
3095 0.035680443
3096 0.086219097
3097 0.086219097
3098 0.086219097
3099 0.086219097
3100 0.098853761
3101 0.098853761
3102 0.098853761
3103 -0.40653278
3104 -0.30545547
3105 -0.12857018
3106 -0.12857018
3107 -0.11593552
3108 -0.11593552
3109 -0.11593552
3110 0.073584434
3111 -0.065396865
3112 -0.17910884
3113 -0.17910884
3114 -0.16647417
3115 -0.16647417
3116 -0.1917435
3117 -0.15383951
3118 -0.040127538
3119 -0.52024475
3120 0.62950963
3121 2.0445919
3122 -0.24228215
3123 0.25046972
3124 0.69268294
3125 0.2252004
3126 0.073584434
3127 0.35154703
3128 -0.12857018
3129 0.75585626
3130 0.78112559
3131 0.89483756
3132 0.50316299
3133 0.50316299
3134 -0.89928466
3135 0.36418169
3136 1.1475308
3137 -0.11593552
3138 -0.12857018
3139 0.2252004
3140 0.2252004
3141 0.2252004
3142 0.2252004
3143 0.59160564
3144 0.098853761
3145 0.098853761
3146 0.11148842
3147 -0.0022235472
3148 0.010411116
3149 0.010411116
3150 0.048315107
3151 0.048315107
3152 -0.078031528
3153 -0.078031528
3154 -0.078031528
3155 -0.052762201
3156 -0.052762201
3157 -0.052762201
3158 -0.22964749
3159 -0.21701283
3160 -0.21701283
3161 -0.21701283
3162 -0.20437816
3163 -0.20437816
3164 -0.20437816
3165 -0.20437816
3166 1.2991468
3167 -0.31809013
3168 -0.92455398
3169 -0.22964749
3170 -0.22964749
3171 -0.10330086
3172 -0.0022235472
3173 0.02304578
3174 0.02304578
3175 0.02304578
3176 0.035680443
3177 0.035680443
3178 0.035680443
3179 0.086219097
3180 0.086219097
3181 0.086219097
3182 0.073584434
3183 0.073584434
3184 0.073584434
3185 0.073584434
3186 -0.0022235472
3187 0.035680443
3188 0.035680443
3189 0.035680443
3190 -0.3307248
3191 -0.31809013
3192 -0.29282081
3193 -0.30545547
3194 -0.30545547
3195 -0.30545547
3196 -0.31809013
3197 0.086219097
3198 -0.39389812
3199 -0.39389812
3200 -0.35599412
3201 0.33891237
3202 -0.11593552
3203 -0.11593552
3204 -0.11593552
3205 -0.10330086
3206 -0.11593552
3207 -0.10330086
3208 -0.10330086
3209 -0.11593552
3210 -0.11593552
3211 -0.10330086
3212 -0.10330086
3213 -0.10330086
3214 -0.10330086
3215 -0.44443677
3216 -0.29282081
3217 -0.11593552
3218 -0.11593552
3219 -0.10330086
3220 -0.10330086
3221 -0.10330086
3222 -0.24228215
3223 0.61687496
3224 0.69268294
3225 -0.1917435
3226 -0.1917435
3227 -0.22964749
3228 -0.21701283
3229 -0.21701283
3230 -0.090666192
3231 -0.090666192
3232 -0.090666192
3233 -0.078031528
3234 -0.078031528
3235 -0.078031528
3236 -0.065396865
3237 0.40208568
3238 0.47789367
3239 -0.34335946
3240 0.073584434
3241 0.073584434
3242 0.073584434
3243 0.073584434
3244 -1.0256313
3245 -0.24228215
3246 -0.25491682
3247 0.13675775
3248 0.16202708
3249 -0.14120485
3250 0.17466174
3251 0.23783506
3252 0.23783506
3253 3.6112902
3254 0.50316299
3255 -0.065396865
3256 0.31364304
3257 0.31364304
3258 0.3262777
3259 0.8822029
3260 0.86956823
3261 0.90747222
3262 0.90747222
3263 0.90747222
3264 1.0590882
3265 1.0590882
3266 -0.30545547
3267 -0.40653278
3268 -0.39389812
3269 -0.21701283
3270 -0.21701283
3271 -0.014858211
3272 -0.88664999
3273 0.010411116
3274 -0.17910884
3275 -0.15383951
3276 -0.15383951
3277 0.18729641
3278 0.17466174
3279 0.17466174
3280 -0.35599412
3281 2.3730932
3282 1.779264
3283 0.51579766
3284 3.9145221
3285 2.8153064
3286 0.073584434
3287 -0.9877273
3288 3.9018875
3289 3.3712316

